1	0.0	0.23570226039551584	0.3429971702850177	0.4330127018922193	0.5163977794943222	0.5976143046671968	0.6793662204867574	0.7637626158259734	0.8528028654224417	0.9486832980505137	1.0540925533894596	1.1726039399558574	1.3093073414159542	1.4719601443879742	1.673320053068151	1.9364916731037085	2.3094010767585025	2.9154759474226486	4.242640687119283	inf
2	0.0	0.33333333333333337	0.485071250072666	0.6123724356957946	0.7302967433402214	0.8451542547285166	0.9607689228305228	1.0801234497346435	1.2060453783110545	1.3416407864998736	1.4907119849998596	1.6583123951777001	1.8516401995451028	2.0816659994661326	2.3664319132398464	2.738612787525831	3.2659863237109037	4.123105625617659	5.999999999999997	inf
3	0.0	0.40824829046386296	0.5940885257860046	0.7499999999999999	0.8944271909999157	1.035098339013531	1.176696810829104	1.3228756555322954	1.4770978917519926	1.643167672515498	1.8257418583505534	2.03100960115899	2.267786838055363	2.549509756796392	2.8982753492378874	3.3541019662496843	3.9999999999999987	5.049752469181036	7.34846922834953	inf
4	0.0	0.4714045207910317	0.6859943405700354	0.8660254037844386	1.0327955589886444	1.1952286093343936	1.3587324409735149	1.5275252316519468	1.7056057308448833	1.8973665961010273	2.1081851067789192	2.345207879911715	2.6186146828319083	2.9439202887759484	3.346640106136302	3.872983346207417	4.618802153517005	5.830951894845297	8.485281374238566	inf
5	0.0	0.5270462766947299	0.7669649888473705	0.9682458365518543	1.1547005383792515	1.3363062095621219	1.5191090506255	1.7078251276599332	1.9069251784911845	2.1213203435596424	2.357022603955158	2.6220221204253793	2.9277002188455996	3.291402943021916	3.7416573867739413	4.330127018922194	5.1639777949432215	6.519202405202646	9.486832980505133	inf
6	0.0	0.5773502691896257	0.8401680504168059	1.0606601717798212	1.2649110640673515	1.4638501094227996	1.6641005886756872	1.8708286933869707	2.0889318714683736	2.3237900077244498	2.5819888974716108	2.8722813232690143	3.207134902949092	3.6055512754639882	4.098780306383839	4.743416490252569	5.656854249492378	7.141428428542845	10.392304845413257	inf
7	0.0	0.6236095644623236	0.9074852129730302	1.14564392373896	1.3662601021279464	1.5811388300841895	1.7974340685458343	2.0207259421636903	2.256304299271065	2.5099800796022262	2.788866755113585	3.1024184114977142	3.4641016151377544	3.894440481849307	4.427188724235731	5.1234753829798	6.110100926607785	7.7136243102707525	11.224972160321819	inf
8	0.0	0.6666666666666667	0.970142500145332	1.2247448713915892	1.4605934866804429	1.6903085094570331	1.9215378456610457	2.160246899469287	2.412090756622109	2.6832815729997472	2.981423969999719	3.3166247903554003	3.7032803990902057	4.163331998932265	4.732863826479693	5.477225575051662	6.531972647421807	8.246211251235318	11.999999999999995	inf
9	0.0	0.7071067811865475	1.0289915108550531	1.299038105676658	1.5491933384829666	1.7928429140015902	2.038098661460272	2.2912878474779204	2.558408596267325	2.846049894151541	3.162277660168379	3.517811819867572	3.9279220242478625	4.415880433163922	5.0199601592044525	5.809475019311126	6.928203230275507	8.746427842267945	12.727922061357848	inf
10	0.0	0.7453559924999299	1.084652289093281	1.3693063937629153	1.632993161855452	1.889822365046136	2.148344622118299	2.4152294576982403	2.696799449852968	2.9999999999999996	3.333333333333333	3.708099243547832	4.140393356054125	4.654746681256313	5.2915026221291805	6.123724356957946	7.302967433402213	9.219544457292884	13.416407864998732	inf
11	0.0	0.7817359599705715	1.1375929179890423	1.4361406616345072	1.7126976771553504	1.9820624179302295	2.253202848596432	2.533114025595111	2.82842712474619	3.146426544510454	3.4960294939005045	3.8890872965260117	4.342481186734475	4.8819395052922685	5.5497747702046425	6.422616289332565	7.659416862050703	9.669539802906852	14.071247279470281	inf
12	0.0	0.8164965809277259	1.1881770515720091	1.4999999999999998	1.7888543819998315	2.070196678027062	2.353393621658208	2.6457513110645907	2.954195783503985	3.286335345030996	3.6514837167011067	4.06201920231798	4.535573676110726	5.099019513592784	5.796550698475775	6.7082039324993685	7.999999999999997	10.099504938362072	14.69693845669906	inf
13	0.0	0.8498365855987974	1.2366938848016846	1.5612494995995994	1.8618986725025253	2.1547290184283363	2.449489742783178	2.753785273643051	3.074824459143229	3.420526275297413	3.8005847503304593	4.227883631321941	4.7207747548166585	5.307227776030218	6.033241251599342	6.98212002188447	8.326663997864529	10.511898020814312	15.297058540778346	inf
14	0.0	0.8819171036881969	1.283377895839496	1.6201851746019649	1.9321835661585915	2.2360679774997894	2.54195563720897	2.8577380332470415	3.1908961408698624	3.549647869859769	3.9440531887330765	4.387482193696061	4.898979485566356	5.507570547286101	6.26099033699941	7.245688373094719	8.640987597877144	10.908712114635708	15.874507866387535	inf
15	0.0	0.9128709291752769	1.328422328310143	1.6770509831248421	1.9999999999999998	2.3145502494313788	2.6311740579210876	2.9580398915498085	3.3028912953790814	3.674234614174767	4.0824829046386295	4.541475531146238	5.070925528371099	5.700877125495689	6.4807406984078595	7.500000000000001	8.944271909999157	11.291589790636209	16.431676725154976	inf
16	0.0	0.9428090415820634	1.3719886811400708	1.7320508075688772	2.065591117977289	2.390457218668787	2.7174648819470297	3.0550504633038935	3.4112114616897666	3.7947331922020546	4.2163702135578385	4.69041575982343	5.237229365663817	5.887840577551897	6.693280212272604	7.745966692414834	9.23760430703401	11.661903789690594	16.970562748477132	inf
17	0.0	0.97182531580755	1.4142135623730951	1.7853571071357124	2.129162589689508	2.4640269015229057	2.8010986855435576	3.149073937948531	3.51619629196613	3.911521443121589	4.346134936801765	4.834769901453429	5.398412465054624	6.0690471520110405	6.899275324264135	7.984359711335657	9.521904571390465	12.020815280171302	17.492855684535893	inf
18	0.0	0.9999999999999999	1.4552137502179978	1.8371173070873834	2.190890230020664	2.5354627641855494	2.882306768491568	3.24037034920393	3.6181361349331627	4.02492235949962	4.472135954999579	4.9749371855331	5.554920598635308	6.2449979983983965	7.099295739719538	8.215838362577491	9.79795897113271	12.369316876852974	17.99999999999999	inf
19	0.0	1.0274023338281628	1.4950900031928043	1.8874586088176875	2.250925735484551	2.6049403612586386	2.9612887007569477	3.329164059239697	3.7172815091383407	4.135214625627066	4.594682917363407	5.111262075065219	5.707138387268051	6.4161255183067185	7.293833011524187	8.440971508067067	10.06644591369433	12.708265027138829	18.493242008906922	inf
20	0.0	1.0540925533894598	1.533929977694741	1.9364916731037085	2.309401076758503	2.6726124191242437	3.038218101251	3.4156502553198664	3.813850356982369	4.242640687119285	4.714045207910316	5.244044240850759	5.855400437691199	6.582805886043832	7.483314773547883	8.660254037844387	10.327955589886443	13.038404810405291	18.973665961010266	inf
21	0.0	1.0801234497346432	1.5718104959867516	1.9843134832984428	2.366431913239846	2.73861278752583	3.113247129976625	3.5	3.908033683673577	4.347413023856831	4.830458915396479	5.373546315051169	5.999999999999999	6.745368781616019	7.668115805072325	8.874119674649425	10.58300524425836	13.360389215887379	19.44222209522357	inf
22	0.0	1.1055415967851334	1.6087993330796875	2.03100960115899	2.422120283277993	2.8030595529069404	3.186510027262766	3.5823642100341133	4.0	4.449719092257397	4.944132324730441	5.5	6.141195788629908	6.904105059069325	7.848566748139433	9.082951062292477	10.832051206181278	13.674794331177337	19.899748742132388	inf
23	0.0	1.130388330520878	1.6449566416599486	2.0766559657295183	2.476556749467561	2.866057521105554	3.2581259360842103	3.662876829305985	4.08989886516436	4.549725266430929	5.055250296034366	5.623610939600996	6.2792174216674015	7.0592728615157885	8.024961059095551	9.287087810503355	11.075498483890764	13.982131454109554	20.346989949375793	inf
24	0.0	1.1547005383792515	1.6803361008336117	2.1213203435596424	2.529822128134703	2.927700218845599	3.3282011773513744	3.7416573867739413	4.177863742936747	4.6475800154488995	5.1639777949432215	5.744562646538029	6.414269805898184	7.2111025509279765	8.197560612767678	9.486832980505138	11.313708498984756	14.28285685708569	20.784609690826514	inf
25	0.0	1.1785113019775793	1.7149858514250884	2.1650635094610964	2.5819888974716108	2.988071523335984	3.3968311024337874	3.8188130791298667	4.264014327112208	4.743416490252568	5.270462766947298	5.863019699779287	6.54653670707977	7.359800721939871	8.366600265340754	9.682458365518542	11.547005383792513	14.577379737113244	21.213203435596416	inf
26	0.0	1.2018504251546631	1.7489492643904123	2.2079402165819615	2.633122354417533	3.04724700110022	3.4641016151377544	3.8944404818493075	4.348458452036871	4.837354648979129	5.3748384988656985	5.979130371550699	6.67618368317024	7.505553499465133	8.532291603080616	9.874208829065749	11.775681155103792	14.866068747318495	21.633307652783923	inf
27	0.0	1.2247448713915892	1.7822655773580138	2.25	2.6832815729997472	3.1052950170405937	3.5300904324873126	3.968626966596886	4.431293675255978	4.9295030175464944	5.47722557505166	6.093028803476971	6.80336051416609	7.648529270389176	8.694826047713663	10.062305898749054	11.999999999999996	15.149257407543109	22.04540768504859	inf
28	0.0	1.2472191289246473	1.8149704259460604	2.29128784747792	2.7325202042558927	3.162277660168379	3.5948681370916686	4.041451884327381	4.51260859854213	5.0199601592044525	5.57773351022717	6.2048368229954285	6.928203230275509	7.788880963698614	8.854377448471462	10.2469507659596	12.22020185321557	15.427248620541505	22.449944320643638	inf
29	0.0	1.2692955176439846	1.8470962903655979	2.3318447632722035	2.7808871486152276	3.2182515217339454	3.658499061721266	4.112987559751022	4.5924839782963955	5.1088159097779196	5.676462121975466	6.314665470157544	7.050835816716036	7.926747967062742	9.011104260855046	10.428326807307105	12.436505404118416	15.700318468107572	22.84731931759171	inf
30	0.0	1.2909944487358056	1.8786728732554485	2.3717082451262845	2.82842712474619	3.2732683535398857	3.7210420376762534	4.183300132670378	4.670993664969138	5.196152422706631	5.773502691896256	6.422616289332565	7.171371656006361	8.062257748298547	9.16515138991168	10.606601717798213	12.649110640673515	15.968719422671303	23.23790007724449	inf
31	0.0	1.3123346456686351	1.909727421264462	2.4109126902482383	2.8751811537130427	3.3273756282434612	3.782551031736691	4.252450274057691	4.748205402618398	5.282045058497702	5.868938953886335	6.528782428600297	7.2899147555274695	8.195527235429495	9.31665175908169	10.781929326423912	12.858201014657269	16.232683080747915	23.62202362203542	inf
32	0.0	1.3333333333333335	1.940285000290664	2.4494897427831783	2.9211869733608857	3.3806170189140663	3.8430756913220914	4.320493798938574	4.824181513244218	5.3665631459994945	5.962847939999438	6.6332495807108005	7.406560798180411	8.32666399786453	9.465727652959385	10.954451150103324	13.063945294843615	16.492422502470635	23.99999999999999	inf
33	0.0	1.35400640077266	1.970368732287556	2.48746859276655	2.966479394838265	3.433032811627976	3.902661813527945	4.387482193696061	4.898979485566356	5.449770637375484	6.055300708194983	6.73609679265374	7.521398046336104	8.45576726264388	9.612491872558332	11.124297730643494	13.266499161421596	16.748134224444218	24.37211521390787	inf
34	0.0	1.3743685418725535	2.0	2.5248762345905194	3.011090610836324	3.484660262185848	3.9613517506411484	4.453463071962463	4.972652484064488	5.531726674375732	6.146362971528591	6.837397165588672	7.634508123364221	8.582928793055821	9.757048734120374	11.291589790636216	13.466006584482768	16.999999999999993	24.73863375370595	inf
35	0.0	1.3944333775567925	2.0291986247835694	2.5617376914898995	3.055050463303893	3.5355339059327373	4.019184762342502	4.51848057057532	5.04524979109513	5.612486080160911	6.2360956446232345	6.937218462755804	7.745966692414833	8.708233651742086	9.899494936611664	11.456439237389601	13.66260102127946	17.248188310660332	25.099800796022254	inf
36	0.0	1.414213562373095	2.0579830217101063	2.598076211353316	3.098386676965933	3.5856858280031805	4.076197322920544	4.582575694955841	5.11681719253465	5.692099788303082	6.324555320336758	7.035623639735144	7.855844048495725	8.831760866327844	10.039920318408905	11.618950038622252	13.856406460551014	17.49285568453589	25.455844122715696	inf
37	0.0	1.4337208778404378	2.0863703354080236	2.6339134382131846	3.1411250638372654	3.635145899999849	4.132423390327166	4.645786621588785	5.187397315522583	5.770615218501402	6.4117946872237805	7.132671308843553	7.964205637009344	8.953584012375526	10.178408519999577	11.779218989389745	14.04753833713698	17.73414785096819	25.806975801127866	inf
38	0.0	1.4529663145135578	2.1143765594836976	2.6692695630078274	3.1832897030168854	3.683941988065036	4.187894642712676	4.708148963941845	5.257029925382167	5.848076606885377	6.497862896539308	7.2284161474004796	8.07111250961459	9.073771725877464	10.315037566582099	11.937336386313321	14.236104336041743	17.972200755611418	26.153393661244028	inf
39	0.0	1.4719601443879744	2.1420166418862503	2.7041634565979917	3.2249030993194197	3.7321001364608946	4.242640687119285	4.769696007084729	5.325752187591567	5.924525297439449	6.5828058860438325	7.322909257938405	8.176621726430962	9.192388155425116	10.449880382090504	12.093386622447825	14.422205101855953	18.207141456033114	26.49528259898353	inf
40	0.0	1.4907119849998598	2.169304578186562	2.7386127875258306	3.265986323710904	3.779644730092272	4.296689244236598	4.8304589153964805	5.393598899705936	5.999999999999999	6.666666666666666	7.416198487095664	8.28078671210825	9.309493362512626	10.583005244258361	12.247448713915892	14.605934866804427	18.439088914585767	26.832815729997463	inf
41	0.0	1.509230856356236	2.1962534944228786	2.772634126602354	3.306559138036598	3.8265986388511064	4.350066312491905	4.890466917040404	5.4606026973386195	6.074537019394975	6.749485577105528	7.508328708840604	8.383657572069263	9.425143677065792	10.714476188783097	12.399596767637245	14.787382008545885	18.668154702594457	27.166155414412234	inf
42	0.0	1.5275252316519468	2.2228757209048453	2.806243040080456	3.346640106136302	3.8729833462074166	4.402796314232057	4.949747468305833	5.526794237662059	6.148170459575758	6.831300510639731	7.599342076785332	8.48528137423857	9.539392014169454	10.844353369380766	12.549900398011134	14.966629547095762	18.894443627691174	27.495454169735027	inf
43	0.0	1.5456030825826172	2.2491828581535485	2.8394541729001364	3.386246693120078	3.918819064098629	4.45490222632931	5.008326400438906	5.592202363356253	6.220932405998315	6.9121471177759055	7.6892782496148495	8.58570240075241	9.652288157046836	10.97269337947616	12.698425099200294	15.143755588800726	19.11805429430515	27.820855486487098	inf
44	0.0	1.563471919941143	2.2751858359780845	2.8722813232690143	3.4253953543107007	3.964124835860459	4.506405697192864	5.066228051190222	5.65685424949238	6.292853089020908	6.992058987801009	7.778174593052023	8.68496237346895	9.763879010584537	11.099549540409285	12.84523257866513	15.318833724101406	19.339079605813705	28.142494558940562	inf
45	0.0	1.5811388300841898	2.3008949665421117	2.9047375096555625	3.4641016151377544	4.008918628686366	4.5573271518765	5.1234753829798	5.720775535473553	6.363961030678927	7.071067811865475	7.866066361276137	8.783100656536798	9.874208829065749	11.224972160321823	12.99038105676658	15.491933384829665	19.557607215607938	28.4604989415154	inf
46	0.0	1.5986105077709065	2.326319992151199	2.9368350311176825	3.502380143083652	4.053217416888888	4.6076858867298265	5.180090089306685	5.783990443849769	6.434283176858164	7.149203529842405	7.952986860293433	8.880154438811457	9.983319421247955	11.349008767288884	13.133925536563698	15.66312016596097	19.77371993328518	28.774989139876304	inf
47	0.0	1.615893285805443	2.3514701283890216	2.968585521759479	3.540244812627134	4.0970372570571385	4.657500154837108	5.236092690801669	5.846521887568555	6.503845016603639	7.226494462892932	8.038967595406763	8.976158898517147	10.0912503354804	11.471704319759988	13.275918047351754	15.832456116050551	19.987496091306674	29.08607914449796	inf
48	0.0	1.6329931618554518	2.3763541031440183	2.9999999999999996	3.577708763999663	4.140393356054124	4.706787243316416	5.291502622129181	5.90839156700797	6.572670690061992	7.302967433402213	8.12403840463596	9.071147352221452	10.198039027185567	11.59310139695155	13.416407864998737	15.999999999999995	20.199009876724144	29.39387691339812	inf
49	0.0	1.6499158227686108	2.400980191995124	3.031088913245535	3.6147844564602556	4.183300132670378	4.755563543407302	5.346338310781814	5.9696200579570915	6.640783086353595	7.3786478737262176	8.208227579691002	9.16515138991168	10.303721010715819	11.713240371477056	13.55544171172596	16.16580753730952	20.40833163195854	29.69848480983498	inf
50	0.0	1.6666666666666667	2.42535625036333	3.0618621784789726	3.651483716701107	4.225771273642583	4.803844614152614	5.400617248673218	6.030226891555272	6.7082039324993685	7.453559924999298	8.2915619758885	9.258200997725513	10.408329997330663	11.83215956619923	13.693063937629153	16.329931618554518	20.615528128088293	29.999999999999986	inf
51	0.0	1.6832508230603465	2.4494897427831783	3.092329219213245	3.6878177829171546	4.267819784654187	4.85164524037584	5.454356057317858	6.0902306270706275	6.774953874381728	7.52772652709081	8.374067112222114	9.350324669687755	10.511898020814318	11.949895397031725	13.829316685939332	16.49242250247064	20.820662813657002	30.29851481508622	inf
52	0.0	1.6996731711975948	2.4733877696033693	3.1224989991991987	3.7237973450050506	4.309458036856673	4.898979485566356	5.507570547286102	6.149648918286458	6.841052550594826	7.601169500660919	8.455767262643882	9.441549509633317	10.614455552060436	12.066482503198683	13.96424004376894	16.653327995729057	21.023796041628625	30.594117081556693	inf
53	0.0	1.7159383568311666	2.497057091387191	3.1523800532296224	3.7594325812991154	4.35069780938316	4.945860740208771	5.560275772537426	6.20849857416868	6.906518659932802	7.673909622147558	8.536685539481937	9.531901324349871	10.71603160378567	12.181953866272847	14.097872179871684	16.81269361722465	21.224985276791113	30.886890422960985	inf
54	0.0	1.7320508075688774	2.520504151250418	3.181980515339464	3.794733192202055	4.391550328268399	4.9923017660270625	5.612486080160912	6.266795614405122	6.97137002317335	7.745966692414833	8.616843969807043	9.621404708847278	10.816653826391967	12.296340919151517	14.230249470757707	16.970562748477136	21.42428528562854	31.176914536239778	inf
55	0.0	1.7480147469502525	2.5437350953458417	3.211308144666282	3.829708431025352	4.432026302139591	5.038314736557789	5.66421515598881	6.324555320336758	7.035623639735143	7.817359599705715	8.696263565463044	9.710083124552243	10.916348595875208	12.409673645990855	14.361406616345072	17.1269767715535	21.621748310439642	31.46426544510453	inf
56	0.0	1.7638342073763937	2.566755791678992	3.2403703492039297	3.864367132317183	4.472135954999579	5.08391127441794	5.715476066494083	6.381792281739725	7.099295739719538	7.888106377466153	8.774964387392123	9.797958971132712	11.015141094572202	12.52198067399882	14.491376746189438	17.28197519575429	21.817424229271417	31.74901573277507	inf
57	0.0	1.7795130420052185	2.589571847418252	3.269174207655505	3.8987177379235853	4.511889056386788	5.129102485590662	5.766281297335398	6.438520439863917	7.162401831787992	7.958224257542214	8.852965604812887	9.885053652574967	11.113055385446433	12.633289357883005	14.620191517213447	17.43559577416269	22.011360703055125	32.031234756093916	inf
58	0.0	1.7950549357115013	2.612188624844061	3.29772648956823	3.9327683210007	4.551294949163998	5.173898991015458	5.816642788871716	6.494753127087909	7.224956747275376	8.027729719194863	8.930285549745877	9.971387638065798	11.21011448053349	12.743625857659191	14.747881203752627	17.587874611030557	22.203603311174508	32.31098884280701	inf
59	0.0	1.8104634152000358	2.6346112560657287	3.326033673912517	3.9665266081716037	4.590362575159893	5.218310955737424	5.86657196893268	6.550503103509753	7.28697468089467	8.096638534327411	9.00694176732591	10.056980518170308	11.30634040409775	12.853015210447701	14.874474780643517	17.738846260866755	22.394195676558677	32.58834147360063	inf
60	0.0	1.8257418583505538	2.656844656620286	3.3541019662496843	3.9999999999999996	4.6291004988627575	5.262348115842175	5.916079783099617	6.605782590758163	7.348469228349534	8.164965809277259	9.082951062292477	10.141851056742198	11.401754250991377	12.961481396815719	15.000000000000002	17.888543819998315	22.583179581272418	32.86335345030995	inf
61	0.0	1.8408935028645435	2.678893538055459	3.3819373146171703	4.033195589934445	4.667516929344154	5.306019803378626	5.965176722724427	6.660603303277891	7.40945342113708	8.232726023485645	9.1583295420071	10.226017238956159	11.496376240653687	13.06904740216363	15.124483462254174	18.03699901129157	22.770595073471387	33.13608305156176	inf
62	0.0	1.855921454276674	2.700762419587999	3.409545424246464	4.066120181860508	4.705619740571601	5.349334969450372	6.013872850889572	6.7149764773161404	7.469939758793238	8.29993306532582	9.233092656309694	10.309496315810694	11.59022576714247	13.175735273600482	15.247950681976906	18.184242262647803	22.95648056649798	33.40658617698011	inf
63	0.0	1.8708286933869707	2.7224556389190906	3.43693177121688	4.098780306383839	4.743416490252569	5.3923022056375025	6.062177826491071	6.768912897813194	7.529940238806679	8.366600265340754	9.307255234493143	10.392304845413264	11.683321445547922	13.281566172707192	15.3704261489394	18.330302779823356	23.140872930812257	33.67491648096546	inf
64	0.0	1.8856180831641267	2.7439773622801416	3.4641016151377544	4.131182235954578	4.780914437337574	5.4349297638940595	6.110100926607787	6.822422923379533	7.589466384404109	8.432740427115677	9.38083151964686	10.474458731327633	11.775681155103793	13.386560424545207	15.491933384829668	18.47520861406802	23.32380757938119	33.941125496954264	inf
65	0.0	1.9002923751652299	2.7653315937748606	3.4910600109422347	4.163331998932264	4.818120558297157	5.47722557505166	6.157651067303722	6.875516509523285	7.648529270389176	8.498365855987974	9.453835200594519	10.55597325823495	11.867322079278596	13.49073756323204	15.612494995995995	18.61898672502525	23.5053185470863	34.20526275297412	inf
66	0.0	1.9148542155126762	2.786522184076944	3.517811819867572	4.195235392680606	4.8550415622761225	5.519197266046799	6.204836822995429	6.928203230275509	7.707139547199077	8.563488385776752	9.526279441628827	10.636863125135019	11.958260743101397	13.594116374373142	15.732132722552274	18.761663039293715	23.68543856465401	34.46737587922816	inf
67	0.0	1.9293061504650377	2.8075528385368766	3.5443617196894563	4.226897995772629	4.891683905218266	5.56085217597779	6.251666444503685	6.980492298346351	7.76530746332687	8.628119403696521	9.598176910226234	10.717142476292029	12.048513047951877	13.696714934611144	15.85086748414736	18.90326250501043	23.864199127563435	34.72751070837066	inf
68	0.0	1.9436506316151	2.8284271247461903	3.5707142142714248	4.258325179379016	4.928053803045811	5.602197371087115	6.298147875897062	7.03239258393226	7.823042886243178	8.69226987360353	9.669539802906858	10.796824930109247	12.138094304022081	13.79855064852827	15.968719422671313	19.04380914278093	24.041630560342604	34.98571136907179	inf
69	0.0	1.9578900207451218	2.8491484796029023	3.5968736424845393	4.289522117905443	4.964157243969729	5.643239658755761	6.344288770224761	7.083912632282965	7.880355321938217	8.75595035770913	9.740379869389079	10.875923606099589	12.227019260637482	13.899640283115241	16.08570794214541	19.183326093250873	24.217762076624656	35.242020373412174	inf
70	0.0	1.9720265943665387	2.8697202159177575	3.6228441865473595	4.320493798938573	5.0	5.683985600588051	6.390096504226938	7.135060680126757	7.93725393319377	8.819171036881967	9.810708435174293	10.954451150103322	12.315302134607442	13.999999999999998	16.201851746019653	19.321835661585915	24.392621835300922	35.49647869859768	inf
71	0.0	1.986062547968831	2.890145528597235	3.648629879831606	4.351245032554859	5.035587637718447	5.724441524658172	6.435578192102608	7.185844671043456	7.993747556684536	8.881941729649485	9.880536422684752	11.032419757890183	12.40295663675937	14.099645385611653	16.31716887208072	19.459359359101896	24.56623699307648	35.74912586343894	inf
72	0.0	1.9999999999999998	2.9104275004359956	3.674234614174767	4.381780460041328	5.070925528371099	5.764613536983136	6.48074069840786	7.236272269866325	8.04984471899924	8.944271909999157	9.9498743710662	11.109841197270615	12.489995996796793	14.198591479439076	16.431676725154983	19.59591794226542	24.738633753705948	35.99999999999998	inf
73	0.0	2.0138409955990952	2.930569107548506	3.699662146737185	4.412104562073145	5.106018857331861	5.804507532281071	6.5255906501506304	7.286350876186863	8.105553651663776	9.006170724070861	10.018732454756938	11.18672682882965	12.576432986608983	14.29685280052921	16.545392107774298	19.73153144926498	24.909837414162286	36.249137920783696	inf
74	0.0	2.0275875100994063	2.9505732244669303	3.724916106437835	4.442221666388715	5.140872632984737	5.844129204068485	6.570134448142341	7.336087637029823	8.160882305241264	9.067647005823627	10.087120500916008	11.26308762538687	12.662279942148384	14.394443372357264	16.658331248957683	19.866219234335116	25.07987240796889	36.4965751817893	inf
75	0.0	2.041241452319315	2.9704426289300234	3.75	4.47213595499958	5.175491695067657	5.883484054145521	6.614378277661477	7.385489458759964	8.215838362577491	9.128709291752768	10.155048005794951	11.338934190276817	12.74754878398196	14.491376746189438	16.770509831248425	19.999999999999996	25.248762345905185	36.74234614174765	inf
76	0.0	2.0548046676563256	2.9901800063856085	3.774917217635375	4.501851470969102	5.209880722517277	5.9225774015138954	6.658328118479394	7.434563018276681	8.270429251254132	9.189365834726814	10.222524150130438	11.414276774536102	12.832251036613437	14.587666023048374	16.881943016134134	20.13289182738866	25.416530054277658	36.986484017813844	inf
77	0.0	2.0682789409984763	3.009787954227302	3.799671038392666	4.531372124791047	5.244044240850758	5.961414390768481	6.701989754294368	7.483314773547883	8.324662155306964	9.249624617007738	10.28955781362834	11.489125293076057	12.91639784666504	14.68332387438212	16.99264546796643	20.264912204760883	25.58319761093205	37.22902093797255	inf
78	0.0	2.081665999466133	3.0292689857844084	3.824264635194589	4.560701700396552	5.277986629117477	6.0	6.745368781616022	7.531750973530174	8.378544026261364	9.309493362512628	10.356157588603992	11.563489339913179	12.999999999999998	14.778362561528933	17.10263137648707	20.396078054371138	25.748786379167452	37.46998799039037	inf
79	0.0	2.094967514996089	3.0486255340823387	3.8487010795851626	4.589843860815601	5.3117121264509155	6.038339048243189	6.788470618138767	7.579877667518483	8.432081593533116	9.36897954837013	10.422331792837916	11.6373782025236	13.08306793786024	14.872793954062564	17.211914478058507	20.526405757787533	25.913317039699862	37.709415269929586	inf
80	0.0	2.1081851067789197	3.067859955389482	3.872983346207417	4.618802153517006	5.3452248382484875	6.076436202502	6.831300510639733	7.627700713964738	8.48528137423857	9.428090415820632	10.488088481701517	11.710800875382398	13.165611772087663	14.966629547095765	17.320508075688775	20.655911179772886	26.076809620810582	37.94733192202053	inf
81	0.0	2.1213203435596424	3.086974532565159	3.8971143170299736	4.6475800154488995	5.378528742004771	6.114295984380817	6.87386354243376	7.675225788801975	8.538149682454623	9.486832980505136	10.553435459602717	11.783766072743587	13.247641299491768	15.059880477613358	17.428425057933378	20.78460969082652	26.23928352680384	38.18376618407355	inf
82	0.0	2.1343747458109497	3.105971478222138	3.9210967853395307	4.676180777800048	5.411627692821661	6.151922776348371	6.916164640415477	7.722458393307382	8.59069263796581	9.545214042184234	10.618380290797651	11.856282240712245	13.329166015421468	15.152557539900648	17.535677916750185	20.912516188477493	26.40075756488816	38.41874542459708	inf
83	0.0	2.147349787787521	3.1248529377161005	3.944933459514875	4.704607670500627	5.444525428617001	6.1893208276589045	6.958208581716035	7.769403861535089	8.64291617453276	9.603240193925288	10.682930309610748	11.928357568656057	13.41019512659429	15.244671200127602	17.64227876437735	21.03964511741266	26.561249970586836	38.652296180175355	inf
84	0.0	2.1602468994692865	3.143620991973503	3.9686269665968856	4.732863826479692	5.47722557505166	6.22649425995325	7.0	7.816067367347154	8.694826047713661	9.660917830792958	10.747092630102339	11.999999999999998	13.490737563232038	15.33623161014465	17.74823934929885	21.16601048851672	26.720778431774757	38.88444419044714	inf
85	0.0	2.1730674684008826	3.1622776601683795	3.992179855667828	4.760952285695232	5.509731650193396	6.263447072560702	7.041543391425869	7.862453931068964	8.746427842267948	9.718253158075498	10.810874155219826	12.071217242444346	13.570801990548185	15.42724862054151	17.853571071357123	21.291625896895077	26.879360111431208	39.11521443121587	inf
86	0.0	2.185812841434	3.1808249022578297	4.0155946010522525	4.788875998951458	5.5420470689345205	6.300183147521006	7.082843120291926	7.9085684257932884	8.797726979169108	9.775252199076785	10.874281585465774	12.1420167776433	13.650396819628844	15.517731793016656	17.95828499606797	21.416504538945343	27.037011669191536	39.34463114581199	inf
87	0.0	2.19848432637882	3.1992646213852116	4.0388736053508785	4.816637831516918	5.574175147179049	6.336706254344299	7.123903424387504	7.954415583355402	8.848728722251575	9.83192080250175	10.93732142711368	12.212405870378577	13.729530217745978	15.607690412101336	18.062391868188445	21.54065922853801	27.19374928177428	39.57271787481874	inf
88	0.0	2.211083193570267	3.217598666159375	4.06201920231798	4.844240566555986	5.606119105813881	6.373020054525532	7.164728420068227	8.0	8.899438184514795	9.888264649460883	11.0	12.282391577259816	13.80821011813865	15.697133496278866	18.165902124584953	21.664102412362556	27.349588662354673	39.799497484264776	inf
89	0.0	2.223610677354389	3.2358288328176625	4.085033659592048	4.871686908385362	5.637882074477461	6.4091281058286755	7.205322107072429	8.045326141759121	8.949860334105777	9.944289260117529	11.062323444918793	12.351980754981305	13.886444229295462	15.78606980853689	18.26882590644511	21.786846184490916	27.504545078950116	40.02499219237898	inf
90	0.0	2.23606797749979	3.2539568672798427	4.107919181288746	4.898979485566356	5.669467095138408	6.445033866354896	7.24568837309472	8.090398349558905	8.999999999999998	9.999999999999998	11.124297730643494	12.421180068162375	13.964240043768939	15.874507866387543	18.371173070873837	21.908902300206638	27.658633371878647	40.249223594996195	inf
91	0.0	2.2484562605386733	3.2719844670996188	4.130677910464576	4.926120853842977	5.70087712549569	6.4807406984078595	7.285830998131464	8.13522084407167	9.049861877399012	10.055402085998903	11.185928660598547	12.489995996796795	14.04160484655036	15.962455951387929	18.472953201911167	22.0302821891444	27.811867970346743	40.4722126896961	inf
92	0.0	2.260776661041756	3.289913283319897	4.1533119314590365	4.953113498935122	5.732115042211108	6.516251872168421	7.32575365861197	8.17979773032872	9.099450532861859	10.110500592068732	11.247221879201993	12.558434843334803	14.118545723031577	16.049922118191102	18.57417562100671	22.150996967781527	27.96426290821911	40.693979898751586	inf
93	0.0	2.273030282830976	3.307744922237541	4.175823272122516	4.979959839195493	5.763183643984088	6.551570569190026	7.365459931328118	8.224133002108102	9.148770409186142	10.16530045465127	11.308182877898641	12.62650273941963	14.195069566578386	16.136914203155445	18.6748493969831	22.271057451320083	28.11583183901908	40.914545090957546	inf
94	0.0	2.2852182001336816	3.325480947082958	4.198213905936666	5.00666222813829	5.794085654478071	6.586699885725429	7.404953297174354	8.268230546110598	9.197825830053533	10.21980647783726	11.368817000902075	12.694205652298892	14.271183085738429	16.223439832538595	18.77498335551859	22.39047416499555	28.266588050205126	41.133927602406246	inf
95	0.0	2.2973414586817036	3.343122879619487	4.2204857540335325	5.033222956847165	5.824823725107175	6.6216428358945665	7.444237144709098	8.312094145936333	9.246621004453463	10.274023338281625	11.42912945066246	12.761549390929881	14.346892811104892	16.309506430300086	18.874586088176873	22.509257354845502	28.416544476765626	41.35214625627064	inf
96	0.0	2.309401076758503	3.3606722016672235	4.242640687119285	5.059644256269406	5.855400437691198	6.656402354702749	7.483314773547883	8.355727485873494	9.295160030897799	10.327955589886443	11.489125293076057	12.828539611796367	14.422205101855953	16.395121225535355	18.973665961010276	22.62741699796951	28.56571371417138	41.56921938165303	inf
97	0.0	2.321398046197353	3.3781303565555834	4.264680527307995	5.085928299402839	5.885818306986475	6.690981300917733	7.522189397597838	8.399134154509888	9.34344690143846	10.381607668264955	11.548809462451096	12.895181824453436	14.49712615198842	16.48029125956213	19.072231122760652	22.7449628123093	28.71410803072244	41.785164831552336	inf
98	0.0	2.3333333333333335	3.395498750508662	4.286607049870561	5.11207720338155	5.916079783099615	6.72538245981366	7.560864148142504	8.442317648177381	9.391485505499116	10.434983894999018	11.6081867662439	12.961481396815719	14.571661996262927	16.565023392678924	19.170289512680814	22.861904265976325	28.86173937932361	41.99999999999998	inf
99	0.0	2.345207879911715	3.4127787539671264	4.3084219849035215	5.138093031466051	5.946187253790689	6.7596085457892965	7.599342076785332	8.48528137423857	9.439279633531362	10.488088481701514	11.667261889578034	13.027443560203425	14.645818515876806	16.649324310613927	19.267848867997692	22.978250586152107	29.00861940872056	42.21374183841085	inf
100	0.0	2.3570226039551585	3.429971702850177	4.330127018922193	5.1639777949432215	5.976143046671968	6.793662204867575	7.637626158259733	8.528028654224416	9.486832980505136	10.540925533894596	11.726039399558575	13.09307341415954	14.719601443879743	16.733200530681508	19.364916731037084	23.094010767585026	29.154759474226488	42.42640687119283	inf
101	0.0	2.3687784005919825	3.4470788997608497	4.351723796382302	5.189733454940949	6.005949431307973	6.827546017082903	7.67571929311297	8.570562726831035	9.53414914924242	10.593499054713801	11.784523749392676	13.158375931050804	14.793016370346287	16.816658407662324	19.461500456028563	23.20919358070561	29.300170647967207	42.63801121065566	inf
102	0.0	2.3804761428476167	3.4641016151377544	4.373213921133975	5.215361924162118	6.035608621222173	6.861262498762387	7.713624310270756	8.61288675078328	9.581231653602785	10.645812948447539	11.84271928232701	13.223355960464152	14.866068747318502	16.899704139422084	19.557607215607945	23.323807579381196	29.444863728670896	42.84857057125708	inf
103	0.0	2.3921166824012206	3.4810410883561156	4.394598957811736	5.240865068542278	6.065122775815365	6.894814104706633	7.75134396948899	8.655003807572292	9.628083921528725	10.697871023920806	11.900630235411905	13.288018233409696	14.938763893531036	16.98234377228302	19.653244007033546	23.437861108329255	29.588849251026964	43.05810028322195	inf
104	0.0	2.4037008503093262	3.4978985287808246	4.415880433163923	5.266244708835066	6.09449400220044	6.928203230275509	7.788880963698615	8.696916904073742	9.674709297958257	10.749676997731397	11.958260743101398	13.35236736634048	15.011106998930266	17.06458320616123	19.748417658131498	23.551362310207583	29.73213749463699	43.266615305567846	inf
105	0.0	2.41522945769824	3.5146751167740367	4.437059837324711	5.2915026221291805	6.123724356957944	6.961432213383856	7.826237921249264	8.738628975053029	9.721111047611789	10.801234497346432	12.015614840697916	13.416407864998737	15.083103128998353	17.146428199482244	19.84313483298443	23.664319132398457	29.874738492579294	43.47413023856829	inf
106	0.0	2.4267032964268394	3.531372004659679	4.458138625031752	5.316640543300503	6.15281584781658	6.9945033364118805	7.863417408056967	8.780142885563372	9.767292357659823	10.852547064066469	12.072696467649637	13.480144128097656	15.154757228892406	17.227884373886422	19.937402037376888	23.77673933350267	30.016662039607255	43.68065933568309	inf
107	0.0	2.438123139721299	3.5479903176471113	4.479118216792229	5.3416601664027015	6.181770435262516	7.027418828034614	7.900421929660889	8.82146143324233	9.813256340277675	10.903618155864084	12.129509470708205	13.543580450847235	15.226074127408328	17.308957218735042	20.031225624010133	23.88863048955855	30.15791770000043	43.88621651498336	inf
108	0.0	2.4494897427831783	3.5645311547160277	4.5	5.3665631459994945	6.2105900340811875	7.060180864974625	7.937253933193772	8.862587350511957	9.859006035092989	10.95445115010332	12.186057606953941	13.60672102833218	15.297058540778352	17.389652095427326	20.12461179749811	23.999999999999993	30.298514815086218	44.09081537009718	inf
109	0.0	2.4608038433722337	3.5809955894645706	4.520785330006281	5.391351098441527	6.239276514834987	7.092791573681854	7.9739158092704585	8.903523306687486	9.904544411531505	11.005049346146118	12.242344546695294	13.669569958749355	15.367715076310681	17.469974241537965	20.21756661915573	24.110855093366826	30.438462510448833	44.29446918070018	inf
110	0.0	2.472066162365221	3.5973846709225072	4.541475531146237	5.41602560309064	6.267831705280087	7.125253031944252	8.010409893798611	8.944271909999157	9.949874371066198	11.055415967851332	12.298373876248844	13.732131246511903	15.438048235879211	17.54992877478424	20.310096011589902	24.221202832779927	30.577769702841294	44.49719092257396	inf
111	0.0	2.48327740429189	3.6136994243312164	4.562071897723664	5.440588203494176	6.296257391725431	7.157567270432687	8.04673846971554	8.984835709531517	9.994998749374608	11.105554165971785	12.354149100605836	13.79440880522664	15.508062419270818	17.629520696831207	20.402205763103165	24.33105012119287	30.71644510681532	44.698993277254	inf
112	0.0	2.4944382578492945	3.629940851892121	4.58257569495584	5.465040408511785	6.324555320336758	7.189736274183337	8.082903768654761	9.02521719708426	10.039920318408905	11.15546702045434	12.409673645990857	13.856406460551018	15.577761927397228	17.708754896942924	20.4939015319192	24.44040370643114	30.85449724108301	44.899888641287276	inf
113	0.0	2.5055493963954847	3.6461099334851146	4.602988159880492	5.48938369339704	6.352727198388331	7.221761984020669	8.118907972545735	9.06541880895848	10.084641788382966	11.20515754264774	12.464950862317911	13.918127952935542	15.647150965378115	17.787636155487327	20.585188850238904	24.549270186029286	30.991934434623456	45.0998891351187	inf
114	0.0	2.516611478423583	3.6622076273584425	4.623310502226732	5.513619500836088	6.3807746954649405	7.253646297923867	8.154753215150047	9.105442927671938	10.129165809680478	11.254628677422753	12.519984025548915	13.97957694025722	15.716233645501708	17.866169147301832	20.676073128135332	24.6576560118759	31.128764832546743	45.29900661162448	inf
115	0.0	2.5276251480171834	3.6782348707914077	4.643543905251677	5.537749241945383	6.408699444616556	7.28539107233943	8.190441583537076	9.145291883606756	10.1734949746879	11.303883305208778	12.574776339959291	14.040757000349272	15.785013990068762	17.94435844492636	20.766559657295186	24.765567494675604	31.264996401726943	45.49725266430928	inf
116	0.0	2.5385910352879693	3.6941925807311957	4.663689526544407	5.561774297230455	6.436503043467891	7.316998123442532	8.225975119502044	9.184967956592791	10.217631819555839	11.352924243950932	12.629330940315088	14.101671633432073	15.853495934125483	18.02220852171009	20.85665361461421	24.87301080823683	31.400636936215143	45.69463863518342	inf
117	0.0	2.5495097567963927	3.7100816544050543	4.683748498798799	5.585696017507576	6.46418705528501	7.3484692283495345	8.261355820929154	9.224473377429689	10.261578825892242	11.40175425099138	12.683650893965824	14.162324264449976	15.921683328090655	18.099723754798028	20.946360065653415	24.97999199359359	31.535694062442943	45.89117562233504	inf
118	0.0	2.5603819159562025	3.7259029699089683	4.703721930556695	5.609515724790034	6.491753010001007	7.379806126283973	8.296585643102429	9.263810329350543	10.3053384223906	11.450376024878443	12.737739202856996	14.222718245318447	15.989579940281939	18.176908428002818	21.03568396796263	25.086516962969032	31.67017524422621	46.086874487211624	inf
119	0.0	2.571208103423585	3.7416573867739413	4.723610906922795	5.633234713140695	6.519202405202648	7.411010519698168	8.331666499966659	9.30298094942984	10.348912986396202	11.498792207106892	12.79159880546603	14.282856857085697	16.057189459346027	18.253766734567414	21.12463017427761	25.192591503588236	31.80408778757848	46.281745861624515	inf
120	0.0	2.581988897471611	3.757345746510897	4.743416490252569	5.65685424949238	6.546536707079771	7.442084075352507	8.366600265340756	9.341987329938275	10.392304845413262	11.547005383792513	12.84523257866513	14.342743312012722	16.124515496597095	18.33030277982336	21.213203435596427	25.29822128134703	31.937438845342605	46.47580015448898	inf
121	0.0	2.592724864350674	3.7729688731351945	4.763139720814412	5.680375574437544	6.5737573513391645	7.4730284253543315	8.401388774085707	9.380831519646858	10.43551627855565	11.595018087284055	12.898643339514432	14.402380755575496	16.191561588267717	18.40652058374966	21.301408404140794	25.403411844343527	32.07023542164914	46.669047558312116	inf
122	0.0	2.6034165586355513	3.7885275736716753	4.782781617427248	5.703799902988649	6.600865744084526	7.503845168158276	8.436033823229177	9.41951552508263	10.478549517943787	11.64283279771532	12.95183384698862	14.461772268392872	16.258331197676263	18.482424083436673	21.38924963620744	25.50816862627865	32.20248437620922	46.8614980554399	inf
123	0.0	2.614064523559687	3.8040226386411162	4.802343178074636	5.727128425310541	6.627863262664026	7.534535869529773	8.47053717304871	9.458041311738146	10.521406750050108	11.69045194450012	13.004806803639953	14.520920868083499	16.324827717314506	18.55801713545927	21.476731594914533	25.61249694973139	32.33419242844947	47.05316142407435	inf
124	0.0	2.6246692913372702	3.819454842528924	4.821825380496477	5.7503623074260855	6.6547512564869225	7.565102063473382	8.504900548115382	9.496410805236795	10.564090116995404	11.73787790777267	13.057564857200594	14.579829511054939	16.39105447085899	18.63330351816338	21.563858652847824	25.716402029314537	32.46536616149583	47.24404724407084	inf
125	0.0	2.6352313834736494	3.8348249442368525	4.841229182759271	5.773502691896257	6.681531047810609	7.5955452531275	8.539125638299666	9.534625892455923	10.606601717798211	11.78511301977579	13.110110602126895	14.638501094227998	16.45701471510958	18.708286933869704	21.65063509461097	25.819888974716108	32.59601202601323	47.434164902525666	inf
126	0.0	2.6457513110645907	3.850133687518488	4.860555523805895	5.796550698475775	6.7082039324993685	7.62586691162691	8.573214099741124	9.572688422609588	10.648943609579307	11.83215956619923	13.162446581088185	14.696938456699067	16.522711641858304	18.78297101099823	21.73706511928416	25.922962793631434	32.72613634390713	47.62352359916261	inf
127	0.0	2.656229575084871	3.8653818013992143	4.879805323985783	5.819507424745384	6.734771180756095	7.656068482934606	8.60716755578357	9.610600208292734	10.691117808723275	11.879019787470305	13.21457528640251	14.755144381343262	16.588148379691646	18.857359306117065	21.823152842795196	26.02562839459084	32.8557453118933	47.81213235152765	inf
128	0.0	2.666666666666667	3.880570000581328	4.898979485566357	5.8423739467217715	6.761234037828133	7.686151382644183	8.640987597877148	9.648363026488436	10.733126291998989	11.925695879998877	13.266499161421601	14.813121596360823	16.65332799572906	18.93145530591877	21.90890230020665	26.12789058968723	32.98484500494127	47.99999999999998	inf
129	0.0	2.6770630673681683	3.895698985834929	4.9180788932265	5.865151319446071	6.787593724688342	7.716116998754071	8.674675786448736	9.685978619539783	10.77497099764078	11.972189997378646	13.318220601867203	14.87087277676926	16.718253497300484	19.005262429127356	21.99431744792277	26.229754097207994	33.11344137959688	48.187135212627005	inf
130	0.0	2.6874192494328497	3.9107694443752146	4.937104414532874	5.887840577551897	6.813851438692468	7.745966692414833	8.708233651742088	9.723448696087953	10.816653826391965	12.018504251546629	13.369741957120937	14.928400545843576	16.78292783356547	19.07878402833891	22.079402165819616	26.331223544175323	33.2415402771893	48.37354648979127	inf
131	0.0	2.697735676039774	3.9257820502267258	4.956056900399752	5.910442735813733	6.840008354213778	7.775701798650618	8.741662694628905	9.760774931977853	10.858176642512314	12.06464071390257	13.42106553146955	14.985707476506692	16.84735389707634	19.15202339179858	22.164160259301504	26.432303468798672	33.36914742692715	48.55924216871591	inf
132	0.0	2.70801280154532	3.940737464575112	4.9749371855331	5.93295878967653	6.866065623255952	7.80532362705589	8.774964387392123	9.797958971132712	10.899541274750968	12.110601416389965	13.47219358530748	15.042796092672209	16.91153452528776	19.224983745116663	22.24859546128699	26.53299832284319	33.496268448888436	48.74423042781574	inf
133	0.0	2.718251071716682	3.9556363361069247	4.993746088859544	5.955389715767279	6.892024376045111	7.834833462468452	8.808140174482542	9.835002426398924	10.94074951728628	12.156388352540311	13.523128336298521	15.0996688705415	16.975472502014977	19.29766825292631	22.332711434127297	26.633312473917567	33.622908856908836	48.92851929090025	inf
134	0.0	2.7284509239574835	3.9704793013379307	5.012484413940855	5.977736472389305	6.917885721601857	7.864232565619727	8.841191473249896	9.871906880362346	10.981803130633875	12.202003478482082	13.573871960498229	15.156328239856963	17.03917055884274	19.3700800204852	22.416511771459895	26.733250207684556	33.74907406137239	49.11211663123468	inf
135	0.0	2.7386127875258306	3.985266984930429	5.031152949374526	5.999999999999999	6.943650748294135	7.893522173763262	8.874119674649425	9.908673886137244	11.0227038425243	12.247448713915889	13.624426593438713	15.212776585113296	17.102631376487064	19.442222095223578	22.5	26.832815729997467	33.87476937190863	49.29503017546492	inf
136	0.0	2.748737083745107	4.0	5.049752469181039	6.022181221672648	6.969320524371696	7.922703501282297	8.906926143924926	9.945304968128976	11.063453348751464	12.292725943057182	13.674794331177344	15.269016246728443	17.165857586111642	19.51409746824075	22.583179581272432	26.932013168965536	33.999999999999986	49.4772675074119	inf
137	0.0	2.758824226207808	4.014678948412131	5.0682837331783235	6.044281043543006	6.99489609848291	7.951777740277279	8.93961222126926	9.981801622771494	11.104053313993047	12.33783701554783	13.724977231310806	15.325049522175869	17.22885177060077	19.585709075752145	22.666053913286277	27.030846576951053	34.12477106150309	49.658836071740524	inf
138	0.0	2.7688746209726913	4.029304421069108	5.086747487343951	6.066300355241239	7.020378500174636	7.9807460611341146	8.972179222463181	10.01816531924066	11.144505372604025	12.382783747337804	13.77497731395591	15.380878667079736	17.29161646579058	19.65705980048898	22.74862633215465	27.129319932501065	34.249087579087394	49.839743177508424	inf
139	0.0	2.778888666755511	4.04387699818758	5.105144464165534	6.088240030309798	7.0457687403758245	8.00960961307392	9.0046284394934	10.054397500144356	11.184811129384347	12.427567921538163	13.82479656269849	15.436505896274397	17.354154161660155	19.728152473052308	22.830900113661748	27.227437142216175	34.3729544845944	50.019996001599175	inf
140	0.0	2.788866755113585	4.058397249567139	5.123475382979799	6.110100926607786	7.071067811865475	8.038369524685004	9.03696114115064	10.09049958219026	11.224972160321823	12.472191289246469	13.874436925511608	15.491933384829666	17.416467303484172	19.798989873223327	22.912878474779202	27.32520204255892	34.496376621320664	50.19960159204451	inf
141	0.0	2.798809270624444	4.072865734850296	5.1417409503007825	6.131883886702356	7.096276689725595	8.067026904437785	9.069178573608527	10.126472956832231	11.26499001331115	12.516655570345723	13.923900315644321	15.547163269043187	17.47855829294853	19.869574731231666	22.994564575133836	27.42261840160417	34.6193587462275	50.37856687123997	inf
142	0.0	2.808716591058786	4.087283003774167	5.159941860137573	6.15358973824764	7.1213963317797235	8.095582841183303	9.101281960984032	10.162318990896086	11.304866208850061	12.560962454277846	13.97318861248212	15.602197647401194	17.540429489230487	19.939909728983224	23.075961518428652	27.519689920733715	34.741905532080395	50.556898639058126	inf
143	0.0	2.8185890875479607	4.101649596414193	5.178078794301995	6.1752192943516855	7.146427679017578	8.12403840463596	9.133272505880171	10.198039027185569	11.34460224071342	12.60511360079269	14.022303662380159	15.657038581508864	17.602083210044576	20.009997501249217	23.157072353818823	27.6164202362773	34.86402156952062	50.73460357586326	inf
144	0.0	2.82842712474619	4.1159660434202126	5.196152422706632	6.196773353931866	7.171371656006361	8.152394645841088	9.165151389911681	10.2336343850693	11.384199576606164	12.649110640673516	14.071247279470288	15.71168809699145	17.66352173265569	20.07984063681781	23.237900077244504	27.712812921102028	34.98571136907178	50.91168824543139	inf
145	0.0	2.8382310609877335	4.130232866245167	5.2141634036535525	6.2182527020592095	7.196229171289244	8.18065259762795	9.196919774214264	10.26910636104941	11.423659658795861	12.692955176439845	14.12002124644294	15.766148184367307	17.724747294860556	20.149441679609883	23.318447632722037	27.808871486152274	35.106979363083894	51.088159097779176	inf
146	0.0	2.8480012484391772	4.144450577366715	5.232112384114087	6.239658110292048	7.221001117771492	8.208813275048676	9.228578799938086	10.304456229312548	11.462983904725679	12.736648783028532	14.168627315304755	15.82042079989386	17.785762095938797	20.218803129760175	23.39871791359518	27.904599381941793	35.22782990761706	51.264022471905164	inf
147	0.0	2.857738033247041	4.158619680502032	5.25	6.26099033699941	7.245688373094719	8.23687767580373	9.260129588726068	10.339685242263949	11.502173707608486	12.780193008453875	14.217067208112931	15.874507866387543	17.84656829757474	20.28792744466521	23.47871376374779	27.999999999999993	35.34826728426725	51.43928459844671	inf
148	0.0	2.8674417556808756	4.172740670816047	5.267826876426369	6.282250127674531	7.270291799999698	8.264846780654333	9.29157324317757	10.374794631045166	11.541230437002804	12.823589374447561	14.265342617687105	15.928411274018687	17.90716802475105	20.356817039999154	23.55843797877949	28.09507667427396	35.46829570193638	51.61395160225573	inf
149	0.0	2.877112750272011	4.186814035123351	5.285593627966493	6.303438215238833	7.294812246678163	8.292721553822409	9.322910847297997	10.409785606036097	11.580155439371268	12.866839377079186	14.313455208299636	15.98213288108228	17.967563366615217	20.425474290698855	23.637893307145625	28.189832682487957	35.587919298548464	51.78802950489617	inf
150	0.0	2.8867513459481287	4.20084025208403	5.303300858899106	6.324555320336758	7.319250547113998	8.320502943378436	9.354143466934854	10.44465935734187	11.618950038622248	12.909944487358054	14.361406616345072	16.035674514745462	18.027756377319943	20.493901531919192	23.717082451262847	28.284271247461895	35.70714214271423	51.96152422706629	inf
