1	0	0	0	0	0	0	0	0	0	0	0	0	0	0	0	0	0	0	0	0
2	0.9999999999999999	0.9999999999999999	0.9999999999999998	0.9999999999999998	0.9999999999999997	0.9999999999999998	1.0	0.9999999999999999	0.9999999999999999	1.0	0.9999999999999998	0.9999999999999999	1.0	0.9999999999999998	0.9999999999999999	0.9999999999999998	0.9999999999999998	0.9999999999999998	0.9999999999999999	0.9999999999999999
3	1.9999999999999998	1.9931689860133395	1.9727226068054442	1.9388005318786603	1.8916344834012684	1.8315466533101146	1.7589475024129781	1.6743329565250569	1.578281018792787	1.4714478213462634	1.3545631432514817	1.2284254253793356	1.0938963162448543	0.9518947860741469	0.8033908493059391	0.649398938409367	0.4909709742815984	0.3291891805614679	0.1651586909446648	1.224646799147353e-16
4	2.9999999999999996	2.981822002620466	2.927867735434599	2.8398667509142705	2.720670418247378	2.574208022097404	2.405430773860836	2.220247762522493	2.0254550593278307	1.8286487028641145	1.6380846482120353	1.462389927560469	1.3099376816331312	1.1876497559707249	1.0992244393319788	1.043514949368347	1.0144225713658337	1.0029314745254805	1.0001859967474775	0.9999999999999999
5	3.9999999999999996	3.9660371437526347	3.8666648270849646	3.7092507926176848	3.5054565116893563	3.2702548821201725	3.0204403705181964	2.7725451375982937	2.5401964444195557	2.331318121624488	2.1461295174283173	1.9771142531828496	1.8113941440511614	1.6345805866291792	1.4344667892817087	1.20342474051229	0.9393098699749436	0.6452322397192882	0.3286352072988349	2.449293598294706e-16
6	4.999999999999999	4.945928023259212	4.7908472653366205	4.555008382389834	4.268242355121751	3.963966775867226	3.671175410143931	3.4063200685633563	3.1687879398491376	2.9433178269787574	2.708753441068646	2.4484892145744164	2.158089792046062	1.8486189494207597	1.5463243654569083	1.2884845535126068	1.1110896211171484	1.0248618863654626	1.001652551530668	0.9999999999999999
7	5.999999999999999	5.921642723292518	5.70256615846402	5.386221091532933	5.030131676692963	4.685722416011195	4.378519869468699	4.100799806231394	3.823543356602372	3.519469534661662	3.181310239001738	2.8259821083305448	2.4840008279866375	2.1786158864276755	1.9060181850090492	1.633439505176195	1.3192320946034723	0.9372879602470354	0.48882091310409564	3.6739403974420594e-16
8	6.999999999999999	6.89336185545314	6.604271527732693	6.211832735092322	5.806399656244877	5.443714048070733	5.120891667720819	4.7965065202494	4.435939183562025	4.0411097141669785	3.6442670961153496	3.2747227067160747	2.9278457215011358	2.5680263483393864	2.1653287102825747	1.7331040443055261	1.3414788895802383	1.0896563600930715	1.0064755017585787	0.9999999999999999
9	7.999999999999999	7.861296087269906	7.498574216710152	7.039537609973303	6.603921107934687	6.227375212408206	5.863816013022584	5.460804936022237	5.019297267253464	4.581241336810296	4.171196235675836	3.7645102237396424	3.322330596217608	2.847934349745063	2.393805303755753	2.0012638198906587	1.6333318419502314	1.198838555704753	0.6442521321101959	4.898587196589412e-16
10	9.0	8.825683209525245	8.38809934229584	7.874933185898324	7.421424020255057	7.0182376166042975	6.586681815973928	6.104974499510567	5.6208350087104195	5.164270580638462	4.7018983033300294	4.1981676045580905	3.679401109993819	3.1960002576372197	2.734894186584542	2.229266810910392	1.67589661813145	1.2137850712316274	1.017462250907131	0.9999999999999999
11	9.999999999999998	9.786784800343074	9.275342713937393	8.721084978285532	8.252035589752593	7.8009671721075415	7.291473252806671	6.7583367392562375	6.252577156919622	5.7439718452521245	5.191869754298669	4.6302615894297565	4.100835318429915	3.5647655345364404	2.978192529299818	2.4012773078257355	1.9123039543668086	1.4290886984199984	0.7936772403945169	6.123233995736765e-16
12	10.999999999999998	10.744882545051748	10.162541438098437	9.578549575219498	9.086846144269348	8.569672377988066	7.99421664848852	7.433949358302001	6.885981055512378	6.2945825125395105	5.686741555282158	5.106554963927991	4.509500901397712	3.870022309203853	3.259411091384472	2.686042203160801	2.048116194952737	1.3956258418581868	1.0377453109534431	0.9999999999999999
13	11.999999999999998	11.700274276792598	11.051568543231447	10.445798131072356	9.918193018413382	9.328123412168194	8.709131743056998	8.119471555796784	7.49901632064973	6.8445125096188	6.213127945973842	5.567904731973837	4.882181095129307	4.223566626703018	3.5737021462861804	2.864252948618613	2.1981218685008628	1.6333396520559118	0.9361170319267853	7.347880794884119e-16
14	12.999999999999998	12.653269808426238	11.943859018905542	11.319908829096702	10.741783755795531	10.08527327223116	9.438017879882372	8.795910041757908	8.102601410562203	7.417679199206458	6.732898727585329	6.003757095329077	5.292000699659675	4.582318948648903	3.8231872387896413	3.1084907151146424	2.4094706691938135	1.619007363592764	1.070247434865929	0.9999999999999999
15	13.999999999999998	13.604186630652514	12.840371491362367	12.197366560715274	11.557306625112187	10.849166392716214	10.171553994839266	9.458607936314616	8.71853910857554	7.99585292578033	7.230202539744092	6.463574531486778	5.7053943956610365	4.900544940333653	4.127486564691804	3.347354915059889	2.5179465099348044	1.8219275173477314	1.0709156808979958	8.572527594031472e-16
16	14.999999999999998	14.553345554075952	13.741586299639842	13.074816926177668	12.367651201272986	11.622604067949815	10.898951732401072	10.1188978829571	9.348080382333281	8.557094357989818	7.736782877391927	6.934384744028789	6.0881394217529525	5.255956737822494	4.419329596900877	3.543829857233493	2.743808876655368	1.863557796276644	1.1171305283229893	0.9999999999999999
17	15.999999999999998	15.501066374051906	14.647537445660568	13.94965606098812	13.177225153054808	12.40254647169154	11.616751873141409	10.788875343713386	9.974220859158018	9.112203989524147	8.260914791500458	7.381950382634703	6.491207682256193	5.609004284595323	4.683802601857639	3.8074121633827955	2.870069933535927	2.007578898141007	1.1977792807988168	9.797174393178826e-16
18	17.0	16.447663636460884	15.557873144675051	14.82038409057452	13.990055837712388	13.18289609138651	12.330166361295444	11.468247341995404	10.588067471570572	9.68069419577627	8.775493807716309	7.831499118228879	6.905580464380477	5.935086755731705	4.993624564205313	4.011672641992742	3.061622759800888	2.111995828886509	1.1793979488811157	0.9999999999999999
19	18.0	17.393442580070424	16.471937742091278	15.68669860737483	14.808351003380517	13.958502945007414	13.047307343395172	12.146776124484326	11.199433176755656	10.2567416703463	9.277413418808747	8.300070819874412	7.295617072410872	6.290987850406048	5.271418199393951	4.247310614026894	3.233312660781515	2.2017353596114684	1.3167985941446834	1.102182119232618e-15
20	19.0	18.338695326907242	17.388866684291017	16.549349527337665	15.631955116753046	14.727948611119844	13.772048225199525	12.81701082644182	11.820234103321773	10.823084960404803	9.789610648669969	8.758985645911078	7.694697590854973	6.640463727603408	5.551987871124614	4.488695798079685	3.38383207186589	2.3531011476315076	1.256779853437196	0.9999999999999999
21	19.999999999999996	19.283697386188692	18.307686002952085	17.409813729918977	16.458763723380294	15.493762107421357	14.501469711056606	13.481928858750397	12.44766588912378	11.38178334693442	10.311349137450785	9.206578907357214	8.108266877963853	6.971847579310719	5.857122427868816	4.696224570020997	3.5871624627736125	2.411232833349865	1.428452428709622	1.2246467991473533e-15
22	20.999999999999996	20.228704530015385	19.227408276574607	18.269872959025797	17.28580198176025	16.260341832194886	15.22927845358747	14.150089711185771	13.070270090728208	11.947801997680752	10.823181550744884	9.667906740819651	8.50383745703865	7.327614364704997	6.129862046979863	4.949331403867217	3.723898654433059	2.5822306526846766	1.3479036994007925	0.9999999999999999
23	21.999999999999996	21.173950090416874	20.147118108109726	19.13118789312806	18.110473237414343	17.031090678169942	15.951508333529386	14.82538917645965	13.685105203466724	12.521754227373533	11.32854581757355	10.133070851692471	8.900741188981597	7.674727172875073	6.4228675504317065	5.165658663421582	3.9252525771510514	2.6368514994304437	1.5335881835518315	1.3471114790620884e-15
24	22.999999999999996	22.119642717717493	21.06604163394776	19.994953203629887	18.931493041322874	17.80652305379893	16.66949742816932	15.50335863650258	14.300671390330686	13.090782739603346	11.843697732492934	10.584862882645508	9.312610322591473	8.00995659518361	6.718967334360415	5.397315140477708	4.079476342840517	2.8004712011378623	1.4506358729080884	0.9999999999999999
25	23.999999999999996	23.065964629823977	21.98359629917311	20.861694284741578	19.74920583629794	18.58432501424286	17.388066663257035	16.177211858708507	14.923477817623937	13.652268044331347	12.363199057016596	11.039660240204663	9.71240182003188	8.365275150489321	6.9939483081145095	5.639116812033698	4.255683739628328	2.8742553248732423	1.6333768800384902	1.4695761589768238e-15
26	24.999999999999996	24.013070371221215	22.899418958588203	21.73123150158893	20.56524505828144	19.36108477379152	18.11102040968787	16.845686434188845	15.549102673254655	14.217016535811135	12.873617777958907	11.505034292348347	10.108409619868794	8.710780172038497	7.2934777494893215	5.852994896833486	4.437813141848664	3.012808696446799	1.56245418163673	0.9999999999999999
27	25.999999999999996	24.961086089491058	23.813372172387194	22.602800375336155	21.381742119163953	20.134463907439397	18.83804303247871	17.513781237844796	16.1697425127364	14.789057603181385	13.381736562472733	11.96307906985806	10.518170778382878	9.04894069787753	7.5807882061133345	6.0998815445027015	4.591374727903862	3.1165360845731063	1.729241727627363	1.5920408388915589e-15
28	26.999999999999996	25.91010932632992	24.725530252622946	23.47528462252742	22.200434345018014	20.90447322065283	19.565434830641095	18.186423306448056	16.78564328635958	15.359460481306261	13.898399097631378	12.41529104424627	10.921100524976387	9.403643299077217	7.862257464184425	6.322905002918584	4.787700460025383	3.225658074380686	1.6807595529391057	0.9999999999999999
29	27.999999999999996	26.86020930960331	25.636148084113106	24.347499828852946	23.022023946217043	21.67320175966581	20.2896288510761	18.862924525898567	17.403847645865905	15.92320169003335	14.4159106903773	12.876880411313284	11.317141046734331	9.748048912009217	8.162397964017845	6.552487992773642	4.938984766077941	3.3570412832465317	1.8227621635257496	1.714505518806294e-15
30	28.999999999999996	27.811427723185794	26.54561690256583	25.21846159108792	23.846009085616977	22.44332892316623	21.010209587230825	19.538352989688633	18.027435728754075	16.48743500351671	14.925753312629084	13.339476983393311	11.724696860074108	10.088520198195344	8.444107562778996	6.793994295069522	5.127515805012212	3.444365139771456	1.8030976523659292	0.9999999999999999
31	29.999999999999996	28.763779922405273	27.454411988352934	26.087582267151074	24.671003988282603	23.216434898666865	21.729937669407068	20.209541077428472	18.65153121365804	17.05780780134986	15.436115658599565	13.79330226306428	12.129830241407976	10.442516339507879	8.732963299455674	7.01207552948506	5.29484244950868	3.591472033722629	1.9155592031401125	1.836970198721029e-15
32	30.999999999999996	29.717256555017986	28.36303757305741	26.954761240537405	25.495373695640705	23.992145507433637	22.452067655445614	20.878489173038165	19.27106431347895	17.62877804749118	15.953399743228276	14.250408000310143	12.526563805499753	10.78618481524399	9.029470055003255	7.254834241426642	5.4644014120150635	3.6714478742093	1.92729951572521	0.9999999999999999
33	31.999999999999996	30.671825540922367	29.27197413540727	27.82035950283792	26.317904454522004	24.768547002398417	23.177504603836688	21.549593690218515	19.88804429161665	18.194350508557335	16.469211947889953	14.71402028975104	12.932029210741891	11.128518757994321	9.30984784786926	7.481996914850307	5.649784861686245	3.818796649658888	2.0091721730882406	1.9594348786357647e-15
34	33.0	31.627434358372955	30.1816327002551	28.685074742215207	27.138244554083663	25.543497893426437	23.90424275149812	22.22442192207074	20.508009886283396	18.758576736750296	16.97904208147508	15.171704932313018	13.338552126343552	11.481762892111266	9.604288588262499	7.7104577956542535	5.806924587249189	3.9061232626363718	2.0515623838633554	0.9999999999999999
35	34.0	32.58401258033858	31.092319807955665	29.5497529923245	27.956964732406178	26.315957996750978	24.629355684755353	22.900180367672895	21.13174467507501	19.327554753365856	17.49121151130848	15.626318769869751	13.736416636603911	11.824963814494957	9.895403304317062	7.951386488709087	5.997402775525559	4.040962376143214	2.104940282460788	2.0818995585505e-15
36	35.0	33.541474601883095	32.004215590052965	30.415183625721692	28.775248534288128	27.08652689693961	25.351599121797737	23.573283663221837	21.754564598961036	19.898564781332723	18.008535866836564	16.087858205697177	14.140053002053056	12.16881944008111	10.178133080795126	8.172516722202978	6.157896310317728	4.145123577524455	2.1744897119401423	0.9999999999999999
37	36.0	34.499722498021555	32.91736599810778	31.281924414091424	29.59436614872562	27.856934398959176	26.07233905257422	24.2435141524685	22.37353608190017	20.465591162478507	18.522962478657234	16.549027641727992	14.547267677976208	12.521294586733488	10.474919988512744	8.412331614624494	6.3386119488137656	4.261683810484516	2.2039036621506485	2.204364238465235e-15
38	37.0	35.458648951377214	33.831688827491746	32.150193162295075	30.415157496860235	28.628881782152853	26.794151771996045	24.91398794945548	22.991560375256594	21.030155343345317	19.033162840875985	17.004076822216568	14.946510012880331	12.864235028867974	10.761286386075906	8.642230163443726	6.512998188725608	4.384286537432403	2.2951029787434356	0.9999999999999999
39	38.0	36.41814019007086	34.74699189553333	33.01984487607998	31.237728935586002	29.40299469424926	27.51849268377941	25.587315005721926	23.612706260074344	21.59802737096635	19.546739942932565	17.462401853109107	15.348673537173147	13.20934151328497	11.048379413267838	8.870107441513946	6.679665394063675	4.484803421615417	2.3067365660500463	2.32682891837997e-15
40	39.0	37.37807887852646	35.66300069226688	33.89043290319364	32.06146751045283	30.178520708834835	28.244520336645834	26.262643810815828	24.236227625167114	22.168731343039923	20.063723546530163	17.924881083529414	15.756002961925313	13.56105029624394	11.344246052599438	9.110338667626728	6.865415221753428	4.620200684381339	2.412832291341493	0.9999999999999999
41	39.99999999999999	38.33834690717253	36.579392108467594	34.761333811577124	32.88534240805667	30.95389938680094	28.970002956791273	26.93690389854874	24.85801284522238	22.73686191797316	20.577087386684642	18.382423472511313	16.156706182124097	13.903892771210554	11.628114956965046	9.333820933273568	7.026202042817506	4.712826670255241	2.4137205207019576	2.4492935982947053e-15
42	40.99999999999999	39.29882803124288	37.495830506243614	35.631903016854146	33.708351183126496	31.727787251467905	29.693362343024322	27.608499897100483	25.47679815949383	23.301986746127803	21.08790503712344	18.83849409990745	16.557803890628765	14.250027422035364	11.919595479386846	9.571434228913073	7.211762766406359	4.85131597936444	2.5274891870117213	0.9999999999999999
43	41.99999999999999	40.25941031390758	38.41200243781866	36.501623756342546	34.52992151639007	32.499872736599286	30.414998362674808	28.279037261493734	26.095791787111978	23.86904378966628	21.60251730365492	19.2998823758147	16.964797258187037	14.600986800596827	12.212361836940305	9.803215532682357	7.378661096837225	4.946144740452359	2.5247586132095123	2.571758278209441e-15
44	42.99999999999999	41.219988334664976	39.32764670664295	37.37021625614091	35.35011110691687	33.27099489604814	31.1367985957015	28.95124416918317	26.717691880947438	24.439228558873943	22.11892538179543	19.760162768574308	17.36690803023533	14.943860416368745	12.496453582840749	10.03084289865507	7.554335610948872	5.0782260691851775	2.6392233539274996	0.9999999999999999
45	43.99999999999999	42.18046513016336	40.24257713991979	38.23768523521996	36.16954005796968	34.04254225566403	31.86038772763476	29.625747132470444	27.340795871190267	25.008138175061486	22.631544384813296	20.216052935095664	17.767359341630083	15.290835081696985	12.79076385024524	10.27032796213261	7.732625707972527	5.183159643827111	2.6394257127948775	2.6942229581241764e-15
46	44.99999999999999	43.14075384126031	41.15669632021108	39.104299229943514	36.98910128983436	34.815552478907215	32.58572599669066	30.300490209156756	27.96177817406062	25.573947663975495	23.143117020452763	20.67508974335673	18.173694410283755	15.641073004954992	13.079865914572391	10.495702211623717	7.89840934202485	5.303144133913061	2.7484647478289768	0.9999999999999999
47	45.99999999999999	44.100779047031445	42.06999951136901	39.970510970617724	37.809580150935055	35.59008988110317	33.311254187851574	30.973287526663224	28.580642280804923	26.140470250720696	23.658420591299596	21.136767296716467	18.577052051553718	15.984080674338774	13.36630712514433	10.73161730733337	8.083139098813549	5.421149311122957	2.757044872061963	2.816687638038912e-15
48	46.99999999999999	45.060477773473764	42.982569013045335	40.836840728490735	38.63134233225104	36.365268351519084	34.035356003409035	31.644356955095994	29.20049754354198	26.710026201163014	24.174132519532254	21.594277752890708	18.97725583433294	16.33173312271307	13.661168854389393	10.964720968937916	8.247441122684688	5.528853044206793	2.855853309227825	0.9999999999999999
49	47.99999999999999	46.01980017167804	43.89456009586688	41.70375156540635	39.45421169139295	37.139863639057815	34.757775672337786	32.31591404468408	29.822822958714628	27.279418467882483	24.68630615680194	22.05132049503454	19.38273614457519	16.6812862184359	13.947539363408504	11.192319119570794	8.428888149671097	5.657442678117701	2.8767782013901213	2.9391523179536475e-15
50	48.99999999999999	46.9787098671417	44.806180425437816	42.571545510027086	40.277575439560145	37.913097200589014	35.4797564153781	32.98948221316402	30.445408066154737	27.845955067715984	25.198681124735252	22.512521107680413	19.787103079437596	17.024509500994995	14.23720604452533	11.431044665189686	8.600384353575562	5.7575644148930465	2.9621597731480813	0.9999999999999999
51	49.99999999999999	47.93718398853261	45.71766541500158	43.44030319428827	41.100660007107045	38.68509409516381	36.20285865406478	33.66416955167473	31.06580861743094	28.412201295223266	25.71436740140402	22.972208227785693	20.18741083320149	17.372697843990142	14.530572369060955	11.657984459543805	8.77283279602799	5.890421848994262	2.997720925865044	3.061616997868383e-15
52	50.99999999999999	48.89521289047914	46.62925221394929	44.309878224126734	41.92285544830973	39.45675044820722	36.927571592648	34.337847208474635	31.684933878367723	28.981101378823023	26.229353620778976	23.42872764015655	20.59195706580591	17.721609677801816	14.81602457589918	11.892564955068442	8.953104373003809	5.990122354655817	3.0682025082613165	0.9999999999999999
53	51.99999999999999	49.852799590740645	47.54115502835203	45.179944355589974	42.74395409522286	40.22912812651497	37.652946244815325	35.00969092117045	32.305518393631516	29.55071541531933	26.741350486845473	23.888202291184555	20.997049610241454	18.06511216498419	15.108442304625969	12.126600042967377	9.119202743334561	6.120005080520594	3.1189892879225973	3.184081677783118e-15
54	52.99999999999999	50.809958947305745	48.45354419321986	46.05008153923731	43.56421182986652	41.00278101795112	38.377511795424276	35.681061793345044	32.92801220543872	30.117955017952134	27.254501434214838	24.349276125306368	21.397745503151445	18.413711195840897	15.399201977121928	12.354321642840452	9.302216761028978	6.225823351486214	3.174766508143694	0.9999999999999999
55	53.99999999999999	51.766716605483154	49.366530912658625	46.919878773595585	44.384217319368446	41.7774368998419	39.1005975667029	36.35380167263469	33.550050152772855	30.68415013527515	27.77030483528606	24.806817337004905	21.80138121212406	18.762030850947582	15.685608393132197	12.592294070756703	9.469771070164237	6.347497134988704	3.2397955208726916	3.3065463576978537e-15
56	54.99999999999999	52.72310774881423	50.280158913313734	47.78902910697987	45.20463303412352	42.552213533040735	39.82287799841583	37.02806563462307	34.17007497216431	31.252432128988357	28.284607304310793	25.264550491872395	22.206899190103748	19.105860640373496	15.979352337863903	12.820553319016579	9.64784946394644	6.462857576250315	3.2825311908697303	0.9999999999999999
57	55.99999999999999	53.6791756905858	51.194403493160955	48.657395313632605	46.02592032245963	43.32620438850223	40.54570562430002	37.70223325123245	34.78957655637639	31.822049275607643	28.796654802906595	25.725551092465132	22.608187452393757	19.454759403567138	16.26758245245244	13.05407553163851	9.822611316283396	6.574930829598044	3.3595056056811132	3.4290110376125893e-15
58	56.99999999999999	54.63497034480989	52.1091776731964	49.52503268163318	46.84816130476637	44.0990478372696	41.26988361090938	38.374888561487545	35.41074210294525	32.38991585687849	29.310497907895154	26.184825967915316	23.011020098866947	19.80254024488515	16.556166817022984	13.288756265523416	9.993145502822475	6.699130974616017	3.3920132619941845	0.9999999999999999
59	57.99999999999999	55.5905466167347	53.02434445303457	50.39216592589439	47.67104505728117	44.87112500885124	41.994986723127774	39.046456899883104	36.033207583865725	32.95624414191112	29.826202595678296	26.641843764113624	23.416673697803972	20.14673184061166	16.84954234084755	13.516709795091243	10.174123573143929	6.804195820253724	3.477677602951497	3.551475717527325e-15
60	58.99999999999999	56.54596275324896	53.9397336013815	51.25912794254883	48.49401514046588	45.64328215411859	42.71979949509519	39.71861413037932	36.654724084072676	33.5239941235106	30.339916573089543	27.101592297415028	23.818673471814638	20.49583200086205	17.136290196385932	13.753947889720878	10.341272080859916	6.933107511529623	3.503529486887091	0.9999999999999999
61	59.99999999999999	57.50127869294908	54.85516102992915	52.12627651898573	49.31650993719516	46.416275658727145	43.443428117064805	40.392270340494015	37.27455840116673	34.09344307842454	30.852193468977173	27.562192202221553	24.220872160235203	20.843130549920193	17.427266561595175	13.983331384356438	10.522265690389501	7.03630705435347	3.594079974087378	3.67394039744206e-15
62	60.99999999999999	58.45655445418413	55.77044863368917	52.993909406467466	50.13819297410375	47.190301259880364	44.16607265368585	41.066546925739004	37.89449485797996	34.66182342706232	31.366603754008647	28.019802714183246	24.62640456974221	21.18770640112016	17.71898519275973	14.216014030214449	10.692709871872486	7.16434731050285	3.6171819874375606	0.9999999999999999
63	61.99999999999999	59.411848597126486	56.6854425378182	53.862197554555856	50.9590797024001	47.96489843542084	44.88879650534752	41.73988898482767	38.51608664573656	35.22842292378924	31.882048047417204	28.47804670513521	25.029151852162602	21.536921131671164	18.00572671057588	14.451123896446228	10.86813228538365	7.27108553442459	3.708690574607811	3.796405077356796e-15
64	62.99999999999999	60.3672167929024	57.60002795356198	54.73115115434699	51.77951405187006	48.73927158432334	45.612545452027724	42.411911800320816	39.138380910469415	35.795759389818556	32.39530457221316	28.93884534773037	25.430923447599767	21.883796014143748	18.298365135971977	14.679387150321492	11.045098966856143	7.393568114472694	3.7328660326465113	0.9999999999999999
65	63.99999999999999	61.32271052914149	58.514139277476026	55.60062483064434	52.600011566578246	49.512806265785905	46.33731743512174	43.083793870318594	39.75944069477913	36.36491889022574	32.907936903258744	29.39782806728119	25.83612813223961	22.22876782809306	18.58797208934277	14.91591830171018	11.21471322924721	7.507339894294925	3.82167806143602	3.918869757271531e-15
66	65.0	62.27837597706521	59.42776461721694	56.47035892859134	53.421039566599816	50.285447163838185	47.06220863828085	43.75682750539994	40.37924348724605	36.93367721248876	33.42276439960645	29.855256046778887	26.239583987465398	22.57802103157754	18.87598879336585	15.146264536449529	11.39552706354347	7.6222525556816345	3.850297738720955	0.9999999999999999
67	66.0	63.23425304054363	60.340944533619044	57.34004559053419	54.242827252593074	51.05770699689075	47.78625418028338	44.430903790836894	40.99962578330138	37.500637632297696	33.93784218750797	30.31517254598678	26.641149384635533	22.924531979904696	19.169024099232775	15.378286352377915	11.56415105330562	7.7434302099225665	3.933368410045899	4.041334437186267e-15
68	67.0	64.19037460252791	61.25376538939485	58.209403077862376	55.06528220374712	51.83031777180461	48.50928419243191	45.10470337102478	41.621491578078015	38.06769638691086	34.45079140055771	30.77539010716126	27.045881261194864	23.269901896583043	19.456955192577592	15.613656976452694	11.743073967920727	7.851991816958634	3.9690570811529517	0.9999999999999999
69	68.0	65.14676597903981	62.16634822986136	59.07824063432922	55.888042715017384	52.603759708772074	49.2320383925179	45.77729279690392	42.24352091650578	38.63649502832206	34.96385193960852	31.2330948073593	27.449945090724352	23.61912763146872	19.74686945004531	15.842285146940439	11.915971598915787	7.977955639114719	4.044200117946948	4.163799117101002e-15
70	69.0	66.10344458559854	63.07883453967026	59.94649918694995	56.71063843923238	53.37796955568599	49.95547109634249	46.449198817504545	42.864214787772916	39.205486896532435	35.47893711760289	31.691726632792484	27.851517327051287	23.965334537111747	20.039056277945775	16.078143223847263	12.08942004854205	8.083842404999988	4.088640420382732	0.9999999999999999
71	70.0	67.06041981571863	63.991370484064454	60.81425945145341	57.532688631596315	54.15240400784476	50.67989667324383	47.1217286215263	43.48411439500723	39.77285071344597	35.99359604583162	32.15232647773499	28.255697596705204	24.31109622100765	20.32635207118912	16.309313980213613	12.267719178640276	8.210285338283741	4.154672429718575	4.286263797015737e-15
72	71.0	68.01769312604502	64.9040913327734	61.68171695751141	58.354054996391994	54.92640289474493	51.404738343733584	47.79540661437052	44.10491478936048	40.339770983793606	36.50639185852076	32.611101802471744	28.66022395798063	24.66023824593937	20.61797243680314	16.540824594348916	12.437172612396617	8.317948322240833	4.2085164070649235	0.9999999999999999
73	72.0	68.9752583179184	65.81710767663122	62.54913122980967	59.17488834333574	55.699610545389184	52.12907687832796	48.46939345739061	44.72691329444126	40.90818414627305	37.01990301252475	33.06887611369355	29.061989637660854	25.006200262863842	20.9085612302399	16.77632273379305	12.617240685442773	8.440740538192411	4.265291445826793	4.408728476930473e-15
74	73.0	69.93310200079486	66.73049479679095	63.41676208245743	59.995554372890055	56.47218747888486	52.85247958777024	49.1425256303537	45.348628431738085	41.47726914357265	37.535090763646316	33.5288881433683	29.46560451246268	25.352339946362502	21.19638828007927	17.005353514929386	12.787535948366667	8.553557734232175	4.328179536977621	0.9999999999999999
75	74.0	70.8912042190682	67.64428616556647	64.28480846240537	60.816474086020314	57.24468780349428	53.575363869252506	49.81469142562127	45.96906158854257	42.045035652245204	38.049327339119245	33.98879197076938	29.87042181693988	25.701351321431083	21.488884061564367	17.24057751828161	12.964515107127843	8.670386908208002	4.376519138391052	4.531193156845209e-15
76	75.0	71.84953922054363	68.55847159048105	65.1533640619873	61.637947905511	58.01769328301201	54.29859247823645	50.48691906866727	46.58915297480498	42.61194799107736	38.56211407071445	34.44660724868684	30.272526971367377	26.04712602635423	21.77784925008724	17.472451385178424	13.139382092829871	8.78939545829202	4.447196549194127	0.9999999999999999
77	76.0	72.80807634214531	69.47300001058439	66.02239943360352	62.46003652111481	58.79144462751708	55.02269017145185	51.16012599561339	47.21031416233248	43.179992143929574	39.07605383056512	34.905537684255385	30.67562098650122	26.39362352461017	22.067031852087933	17.703578228066448	13.311496965450297	8.900549181954354	4.4887299810634405	4.653657836759944e-15
78	77.0	73.7667809864546	70.38778646994126	66.89177375152731	63.2825452593984	59.565702760457306	55.747391209496556	51.83404754640346	47.83232211557507	43.74904457760033	39.591205310009784	35.365944762945695	31.080550382325125	26.742466227282797	22.359331400161143	17.93909744725334	13.490411508802083	9.024213464045472	4.565242074697308	0.9999999999999999
79	78.0	74.72561566139545	71.30272237695907	67.76127229781383	64.10511434724336	60.33991859473142	56.47190600907368	52.50759329352887	48.45371264232932	44.31717645607858	40.105057360967386	35.82457545556296	31.48309147156521	27.088108844190966	22.647295075220825	18.16855443486186	13.660267803578037	9.13225970115265	4.602179066622323	4.7761225166746795e-15
80	78.99999999999999	75.68454105481476	72.21768785052056	68.63065987471548	64.92737376296725	61.11359210319505	57.19564238233062	53.180157755924725	49.07399418733601	44.884192956385	40.617958926850584	36.28264699459321	31.885756450449904	27.434938551362997	22.938033571430402	18.4031875210748	13.839234576893455	9.257286334504446	4.682121262364068	0.9999999999999999
81	79.99999999999999	76.6435171158409	73.13256478244126	69.4997369932204	65.74909638931223	61.88658664135274	57.91872394391111	53.852312250905484	49.69433816058263	45.45191784767602	41.13226925570046	36.742702904106224	32.2906293076487	27.78358307829105	23.229269112626564	18.635655799396915	14.01121929196699	9.365864650214286	4.71698429399705	4.898587196589415e-15
82	80.99999999999999	77.602504115715	74.04724922305239	70.36838554079344	66.57028642885857	62.659201714152665	58.64185339206512	54.525090242289416	50.31578262098816	46.020835016650736	41.647271019147446	37.20234697347731	32.69364960899508	28.129145775403508	23.517184031446394	18.866508606273186	14.186505284908987	9.488660469832775	4.797778415292337	0.9999999999999999
83	81.99999999999999	78.56146366223616	74.96166181932574	71.23659359930646	67.39116907279733	63.43196727204586	59.36566654669033	55.19875699423751	50.93770017837541	46.58926675937312	42.16080817121655	37.6602834615404	33.09601061772795	28.47627764514038	23.809045974606068	19.10196375243291	14.362837530804	9.60093437774395	4.833123615067758	5.0210518765041505e-15
84	82.99999999999999	79.52035964398667	75.87575528469856	72.10445435410139	68.21208932755235	64.20529980255817	60.09016952601367	55.87252612154086	51.558787961230166	47.156473978771096	42.67392026349063	38.119444735058465	33.50068326862588	28.824702581041763	24.09886994433991	19.331858841464417	14.53420118898951	9.71907768768587	4.912291896340541	0.9999999999999999
85	83.99999999999999	80.47915908304202	76.78951822612193	72.97214029290518	69.03336502897243	64.97924267963519	60.81475600857502	56.54552111099404	52.17902179145377	47.723953380875905	43.188517148796606	38.5796669311735	33.90417444338518	29.17023384818928	24.387609586002746	19.565947516583854	14.713157102607138	9.83649199124033	4.950446666613797	5.1435165564188865e-15
86	84.99999999999999	81.4378328778426	77.70297505764897	73.83985964532533	69.85515634060413	65.75345197554358	61.53876829863519	57.21780808065361	52.7996462508203	48.29266105772492	43.70328720979326	39.038201183681736	34.306374215439014	29.517634356400283	24.67976735853921	19.798911619451104	14.883807495792352	9.94962688497372	5.025856670315821	0.9999999999999999
87	85.99999999999999	82.39635642122691	78.61618214750443	74.7078059365606	70.67740503059186	66.52742796397013	62.26208411861928	57.8902847664461	53.42128548472044	48.86130852939851	44.216600179583374	39.496530214330804	34.71073893493906	29.865825898780415	24.96843272719436	20.029585425996725	15.061501435425061	10.071445182421387	5.068698613025863	5.265981236333621e-15
88	86.99999999999999	83.35471008221057	79.52922073355562	75.5761127686534	71.49986615729586	67.30083713687604	62.985206674110586	58.56359643966088	54.043039607516	49.42876333952079	44.7299856794807	39.95659210382088	35.114647152611504	30.211370012352983	25.258455889351175	20.264908829877626	15.235056801569312	10.1812806080879	5.1387568091224285	0.9999999999999999
89	87.99999999999999	84.31287954384374	80.44218746143628	76.44482429786589	72.32221585614901	68.07371777756289	63.708795247382575	59.23738602884119	54.66387133153415	49.99608511376537	45.24476998428335	40.41602059008181	35.51683047749934	30.55900309699391	25.550053210324503	20.495244009851433	15.408980570269286	10.305033418648941	5.187552886674399	5.388445916248356e-15
90	88.99999999999999	85.27085599330292	81.35518361949279	77.31388782783897	73.14418806545673	68.84644299306402	64.43307298311233	59.910748065705825	55.2841486917464	50.564540110180765	45.75926064878531	40.87408472235474	35.920822084274285	30.906954531316575	25.83825144412179	20.728837397667736	15.586281640860284	10.414509383647479	5.2513310520733985	0.9999999999999999
91	89.99999999999999	86.22863616417301	82.26830424559321	78.18316951522495	73.96568270485749	69.6194728640852	65.15764286611528	60.58331190716434	55.90505177528183	51.13331042404415	46.27245021800357	41.33342344166788	36.3250577476895	31.25255111270051	26.12946329162036	20.962207211914752	15.757401395502612	10.537110854806409	5.306648849750027	5.510910596163091e-15
92	90.99999999999999	87.18622223456435	83.18162825585834	79.05248870855083	74.7868015637062	70.39305975991388	65.88186190878416	61.25565978510228	56.52679499598869	51.70103879170604	46.78613784855794	41.793469984764464	36.72735720381566	31.600379083162117	26.419955630203205	21.19278438990292	15.935962494884016	10.649124006207007	5.363935029300264	0.9999999999999999
93	91.99999999999999	88.14362158820101	84.0952106009694	79.92166220254632	75.6077994721323	71.16709507512753	66.60542190754708	61.92861042170951	57.14834072306859	52.26829505415032	47.30100608378312	42.251945787686886	37.13095508718329	31.948090207657835	26.70849946756286	21.427923150868914	16.107643444852098	10.768163621917997	5.425630237047371	5.633375276077826e-15
94	92.99999999999999	89.10084644883099	85.00907721055225	80.79054764439807	76.4289737259125	71.94118987558386	67.32861303644661	62.602247914530466	57.76897991994931	52.836484957133834	47.81520365887738	42.71049877656905	37.53540496809292	32.29377387956127	27.000343362921658	21.65869193539528	16.28404314707028	10.884394779740118	5.476903960472964	0.9999999999999999
95	93.99999999999999	90.05791340117901	85.92322316892411	81.65907588207043	77.25053950358729	72.71493070967142	68.05204597914518	63.275846411749654	58.38937387083393	53.40528590205759	48.32837017455023	43.170538372094896	37.937929156429036	32.64175828699666	27.289682606144822	21.89184107420387	16.458949561186568	10.999072090636018	5.544180520520011	5.755839955992561e-15
96	94.99999999999999	91.01484281412286	86.83761421164607	82.52726498066676	78.07254327697659	73.48814275164769	68.77609744580099	63.94875032015576	59.01052870912874	53.97328439967601	48.84235617009786	43.62978856984537	38.34115494686157	32.98923478989699	27.579172158098565	22.125533949057772	16.63188462610432	11.119381446366189	5.590519487183247	0.9999999999999999
97	95.99999999999999	91.97165818378089	87.7521912801066	83.39521318339101	78.89484885260286	74.26099320782438	69.50058173825568	64.62114384860214	59.63229054186674	54.5405625204661	49.35721036909085	44.0879835280142	38.74569542409249	33.33503493325621	27.870894173111793	22.356085624333247	16.80969158590757	11.23072916971951	5.662051964227259	5.878304635907296e-15
98	96.99999999999999	92.92838541570822	88.66687755771167	84.26307313990328	79.71719953683548	75.03387446080002	70.2249338513866	65.29380783004534	60.253610195974915	55.108502892057864	49.87113206961057	44.54745642815512	39.14852055079219	33.683137392635714	28.15950046533854	22.590999586896434	16.980985207010477	11.353326848081121	5.704983774282316	0.9999999999999999
99	97.99999999999999	93.88505206639238	89.58158716791665	85.13101406773677	80.53932830290945	75.80714793372861	70.9487249694056	65.96718165664825	60.87412921842595	55.67725121675725	50.38436622704958	45.00733760861276	39.55143201933623	34.03039018744343	28.450104582641547	22.822188218991702	17.15884853574204	11.46367678120805	5.779085997947149	6.000769315822031e-15
100	98.99999999999999	94.84168656469957	90.4962345646651	85.99918115395819	81.36106884719612	76.58091546960273	71.6720406752248	66.64085612186621	61.49469117640353	56.2454908707776	50.89861858710824	45.4657854378981	39.95594211499992	34.376330799790836	28.741071071707545	23.054945368529744	17.331659461485017	11.585951743196386	5.8204031629990824	0.9999999999999999
101	99.99999999999999	95.7983174338551	91.41074360257187	86.86766187398655	82.18242151016825	77.3549624797362	72.39538900578923	67.3140811952572	62.11605183269473	56.812865930144156	51.41337458742139	45.92453312818479	40.359107409021064	34.72451375448701	29.02962258503591	23.2888855150679	17.50686231722199	11.697906376470124	5.895223521602502	6.123233995736766e-15
102	100.99999999999999	96.75497253395709	92.32505533862293	87.73646698156394	83.00354812386176	78.12890375563533	73.11923454567807	67.98665995112106	62.73775862411089	57.380595437940514	51.92706315651675	46.384529241530686	40.761789472793325	35.07155828106699	29.321050578774106	23.519472588789753	17.682833421224487	11.817538583133866	5.936782570249472	0.9999999999999999
103	101.99999999999999	97.71167834395112	93.2391337791952	88.60553022785741	83.82470004839169	78.90243328988844	73.8435851609811	68.65916416937002	63.35885915661519	57.94922343710851	52.440438673193576	46.843633384730545	41.1661624994738	35.417657935392505	29.6109894377171	23.754132763122847	17.855162408418327	11.93289479006939	6.010504770097431	6.2456986756515004e-15
104	102.99999999999999	98.66845930046972	94.15296902590616	89.47472632214522	84.6461111969406	79.67551639596772	74.56799838735049	69.33223778841464	63.979331590386394	58.517655372291514	52.95490340123884	47.30195971324508	41.569669570354435	35.76588535556546	29.90012896659047	23.985721282118377	18.03306810206976	12.048783357500321	6.054030638950099	0.9999999999999999
105	103.99999999999999	99.62533720901715	95.06657756381134	90.34390234968987	85.4679014207339	80.4484038362474	75.29198944059551	70.00583567500682	64.60008996747847	59.08518454011211	53.46949701321663	47.76153100073643	41.97222347626017	36.11274085646206	30.1917868198998	24.218139236512236	18.204853920317692	12.167846974739911	6.125059345368694	6.3681633555662356e-15
106	104.99999999999999	100.58233074071096	95.97999974399583	91.21291482170612	86.29003001898047	81.22146416614731	76.0154651516042	70.67929668528411	65.22159806527036	59.652758614586055	53.983013715074314	48.22125797882941	42.3763763229773	36.459012757770346	30.480864293694633	24.452257393207947	18.381842314064734	12.280488527941054	6.17197450494872	0.9999999999999999
107	105.99999999999999	101.53945502524624	96.89329480687998	92.08166342850544	87.11231721682698	81.9949460200464	76.73879593355267	71.35214084407866	65.84319250477945	60.221218636852136	54.49658231167744	48.679702512912485	42.7801921987509	36.80725076465617	30.770945457030994	24.6829313122949	18.55576559298931	12.40203484355608	6.2390878968556835	6.490628035480971e-15
108	106.99999999999999	102.49672134799413	97.8065340421961	92.95011360313825	87.93452276154427	82.7688233729769	77.4624719062963	72.02463022928109	66.46410131561778	60.78978087355832	55.01119092797949	49.13861872739522	43.18272404387	37.15393954717674	31.06219894889467	24.917318579954657	18.729957024228348	12.513229928745659	6.290382096617666	0.9999999999999999
109	107.99999999999999	103.45413695626031	98.7197928616712	93.81830287218891	88.75644740972623	83.54281977855702	78.1866618204151	72.69743903071	67.08459529161583	61.357499992421225	55.52558167762397	49.59855561995594	43.586603416418384	37.50039168218334	31.350915822844886	25.149281801568907	18.906671840990047	12.635089329765332	6.352837646236963	6.613092715395705e-15
110	108.99999999999999	104.41170497678804	99.63314265394087	94.68632994391145	89.57801455329036	84.31659116292087	78.91107123666627	73.37084676505545	67.7055561242284	61.92498368074165	56.038998401983235	50.05754204020695	43.99066668380584	37.84860909151158	31.641885718532173	25.381413211779147	19.07875753846208	12.747134176166243	6.408989225367929	0.9999999999999999
111	109.99999999999999	105.36942444366846	100.54664329057158	95.55432959444857	90.39929866564944	85.08994656490238	79.63521828249974	74.04441932658536	68.32714763169619	62.4932503752382	56.55278729045169	50.51599807771605	44.3932764070482	38.19515578681365	31.932317456286608	25.615646476703642	19.25642787360681	12.867130305774385	6.466574454058017	6.73555739531044e-15
112	110.99999999999999	106.32729043299574	101.46033705978807	96.4224396880529	91.22049022548305	85.86296544544092	80.35886925291206	74.71754067065623	68.94859151493033	63.06187509334664	57.067464860170084	50.97563771961716	44.79686166914966	38.54179116057666	32.22128075322117	25.846449851588076	19.428920641420422	12.981851234715261	6.527528410766435	0.9999999999999999
113	111.99999999999999	107.28529429794241	102.37424463265856	97.29076835710043	92.04181340541687	86.63593980468909	81.0822407007148	75.39014471357393	69.56935118299727	63.62979754494403	57.581637215795006	51.435222371330816	45.20109089340191	38.88995993969056	32.51273423140609	26.080553853431038	19.604971115934198	13.09869091674971	6.5805543692388015	6.8580220752251754e-15
114	112.99999999999999	108.24342399549957	103.28836343526004	98.15936911501731	92.86343197140964	87.40918264170084	81.8057938476903	76.06277857582533	70.18992397533758	64.19725824558299	58.095028450194725	51.893683628181	45.60386274756672	39.23639077041425	32.80229328272278	26.312862293044443	19.77989477969422	13.21672279043411	6.645756412888472	0.9999999999999999
115	113.99999999999999	109.20166449397863	104.20266853567044	99.02822959016969	93.68538278691834	88.18282815055483	82.52981585794596	76.73594045756344	70.81107329840246	64.7653285646659	58.60904030740831	52.35274451987723	46.00716535082851	39.58320772220295	33.09196407290171	26.5447590062754	19.953317904887545	13.330477945569926	6.694997557801515	6.9804867551399105e-15
116	114.99999999999999	110.15999824856023	105.1171158853601	99.89727619189496	94.50756381389813	88.95675098104476	83.25416771029515	77.4094927378045	71.43268495394314	65.33394916295019	59.12371324211543	52.81261080151446	46.41146879883737	39.931303356969174	33.38333425781354	26.779050766073293	20.130450323461638	13.451067203922534	6.76347777629179	0.9999999999999999
117	115.99999999999999	111.11840573073492	106.03164750928005	100.76639318405866	95.32978016472973	89.73065281003045	83.97841958613273	78.0828410359888	72.05396006122038	65.90206690229272	59.63767545077271	53.271504675471796	46.81446410238048	40.277645424903326	33.672327568425004	27.010017902389443	20.3026120011233	13.563073863719545	6.8100671708881935	7.102951435054646e-15
118	116.99999999999999	112.07686599643979	106.94619804298662	101.63545126714033	96.15182755584318	90.50425676850851	84.70224267126298	78.75564788385302	72.67462247881713	66.46956762164898	60.151110829082995	53.730086882642205	47.21752391363859	40.62463801429264	33.96284698405461	27.243836041709205	20.479797238735962	13.68445879253472	6.880562257969617	0.9999999999999999
119	117.99999999999999	113.03535727707204	107.86070188793838	102.50433864384944	96.97357751670741	91.27748319907708	85.42570056672412	79.42822465807721	73.29531666354903	67.03745878456891	60.665326028482596	54.18976947374531	47.62180954997847	40.972639783510466	34.253645576387484	27.476456797052553	20.65311016937321	13.796704749878067	6.925855114224872	7.22541611496938e-15
120	118.99999999999999	113.99385757735912	108.77510020930065	103.37298713609238	97.79502890007414	92.05049536579031	86.14918242403864	80.10114730158683	73.91662427513566	67.60601613436098	61.17992899684403	54.64922424746222	48.025062247624284	41.31892038840587	34.542586902556494	27.70816922246126	20.828257981825644	13.916888283055279	6.996954738067925	0.9999999999999999
121	119.99999999999999	114.95234526428155	109.68934703704748	104.24138728403636	98.61630514346695	92.82358932794553	86.8730466777269	80.7745693004083	74.53819919615	68.17430260234296	61.69370984917679	55.107718365064116	48.427941353709095	41.66607884148217	34.83374360675715	27.94246912817328	21.004000526432264	14.031165518879302	7.042375886623712	7.347880794884115e-15
122	120.99999999999999	115.910799631863	110.60341384486054	105.10958912282015	99.43759978582028	93.59700200454061	87.59730117935555	81.44805089857229	75.159306400535	68.74189628036376	62.207247880993414	55.566901951416384	48.83212612437732	42.01396999818423	35.12375141119662	28.173626517656928	21.176927031017296	14.148745446095285	7.112677018735833	0.9999999999999999
123	121.99999999999999	116.86920142763664	111.51729215831705	105.97768880977097	100.25909417865532	94.37076167804518	88.32160485309511	82.12109337546933	75.7799268206842	69.30964206099786	62.72162857982326	56.02668980495042	49.2356413834977	42.36021599816513	35.4131387934241	28.40716303547593	21.35417155117041	14.265925204537218	7.159568757241195	7.47034547479885e-15
124	122.99999999999999	117.82753332793304	112.43099396387794	106.84580462500101	101.080882294875	95.14467509306877	89.04558142491473	82.79372978249899	76.40076813771398	69.87808946921405	63.2361099917528	56.485513640255796	49.638416153572564	42.70752720285473	35.70448023624725	28.640060635940706	21.52666729473601	14.380639838898338	7.227821729953528	0.9999999999999999
125	123.99999999999999	118.78578035077145	113.3445499289661	107.7140483019524	101.90293373316791	95.91845601165339	89.76915694879153	83.46647290093968	77.02219231931011	70.44650395541017	63.74975398745149	56.94421686888396	50.042433706570726	43.055295063585106	35.993815586492666	28.87163714657778	21.703206860933996	14.50036026538345	7.277307657982639	7.592810154713584e-15
126	124.99999999999999	119.74393019702292	114.25800567533277	108.58249860798885	102.72510937793652	96.691909886662	90.49261865253882	84.13969757864116	77.64368442931858	71.0142292724456	64.26343742411981	57.40392086188647	50.44618947176262	43.40153228669502	36.28393153042098	29.10590110033304	21.877359618290424	14.613140407635006	7.34253931506965	0.9999999999999999
127	125.99999999999999	120.70197351259768	115.1714165486471	109.45118339506627	103.5472219272037	97.46505565643868	91.21634920605202	84.81320094850477	78.26464127628448	71.58187509140728	64.77793297472296	57.86325863494627	50.84894177167177	43.74898032559707	36.574963952608236	29.337267901315982	22.051718656931172	14.734014237517144	7.395417383425124	7.715274834628319e-15
128	126.99999999999999	121.65990406663221	116.08484147634951	110.3200741817147	104.36911502867432	98.23810858269341	91.94048192575832	85.48645598819644	78.88527275444356	72.15018163817227	65.29225866930996	58.321798428353176	51.252747969675966	44.096616270412596	36.86401057594761	29.570532996964495	22.22805479940892	14.846544010423694	7.45701970360021	0.9999999999999999
129	127.99999999999999	122.61771884295354	116.99833658871964	111.18909425611017	105.19072765476866	99.01133837148774	92.66478731401541	86.15924223063405	79.5062696755274	72.71867457259845	65.8058201585055	58.78108430926614	51.656699119651734	44.442868985700045	37.154823258457306	29.80367022086827	22.400758185348963	14.966776524030324	7.513694100964184	7.837739514543054e-15
130	129.0	123.5754180444187	117.9119492875529	112.05813805608226	106.01211728021718	99.78489592344717	93.38888701111055	86.83189923204897	80.12776239109584	73.28655348823803	66.3196732730898	59.24078891744283	52.05950759539613	44.790435694428375	37.44521399553289	30.035156601583854	22.57785084019303	15.080766216536027	7.5714707430624175	0.9999999999999999
131	130.0	124.53300501200748	118.82571338346409	112.92709695679925	106.83343318272837	100.5587198620548	94.11259600016257	87.50491202949212	80.74913941880796	73.85415085780296	66.83422635160149	59.69956286982072	52.46308343028442	45.13793508195569	37.73444720848027	30.269346728276368	22.750866403341885	15.19891135112184	7.631927832399455	7.96020419445779e-15
132	131.0	125.49048606272675	119.73964579498004	113.795885189124	107.65485213594035	101.33258056825208	94.83608379788667	88.17833417637216	81.36997652180996	74.42230294320561	67.34838130615236	60.15838059881955	52.86716795361022	45.48422553719619	38.02564517830835	30.500935255490013	22.926687262975598	15.315393488009764	7.6860957146494995	0.9999999999999999
133	132.0	126.44787025241335	120.65374512523788	114.66445972638643	108.47650412734563	102.10623047802392	95.55971453083671	88.85173427428028	81.9906651681141	74.99082155383117	67.86191822859776	60.61808776638465	53.27010023520641	45.83189107611328	38.3153459834833	30.73394423677678	23.10161913564162	15.430932082065336	7.74992449328248	8.082668874372525e-15
134	133.0	127.40516907135	121.56799222519997	115.53282955152946	109.29841925419909	102.87956239107999	96.28371640458097	89.52471724230627	82.61181003979269	75.55885865572711	68.37594609614949	61.077321697787326	53.67345203048854	46.17925307946979	38.60513400947314	30.967282894135337	23.275359813513113	15.549867890178385	7.801072274739378	0.9999999999999999
135	134.0	128.36239608219094	122.48235263846463	116.40105234313391	110.12051742965782	103.65267468095772	97.00798036487	90.19739082226285	83.23332213490094	76.12645954177658	68.89049892465576	61.53591707466373	54.077598478452664	46.52560111117151	38.896271236839205	31.198721844462092	23.452045748462236	15.663379174857036	7.867525253853512	8.20513355428726e-15
136	135.0	129.3195665109985	123.39678062487057	117.26921965114393	110.94264422185248	104.4258039301951	97.7321653255179	90.87022685513296	83.85456707145468	76.6944606489213	69.4044869928626	61.995286271195404	54.48070501220841	46.87334453852914	39.18551851322011	31.432806430080245	23.624778202264782	15.783722527555	7.916534942456812	0.9999999999999999
137	136.0	130.276696803186	124.31122429883364	118.1374343434116	111.76463686702168	105.19917091003799	98.45600886702174	91.54349494585692	84.47532373691205	77.26295443187799	69.9180548256522	62.454905371518585	54.88386207008467	47.2205719092482	39.47598044534147	31.66462266566029	23.8015118089329	15.896596839739848	7.984621375947671	8.327598234201995e-15
138	137.0	131.2338041568318	125.225631310028	119.0057858570233	112.58639229144717	105.97284005168557	99.17956058848961	92.2169479126577	85.09610509891375	77.83113800430655	70.4322445040963	62.913647452484675	55.28799746719376	47.56699462903956	39.766665954848186	31.89739512073477	23.975156107517957	16.01676902714887	8.032562815260892	0.9999999999999999
139	138.0	132.1909060461585	126.13995444895215	119.87432918876523	113.40790876606056	106.74668174693218	99.90313083041195	92.89012558897812	85.71737661259358	78.39878963441916	70.94674458118482	63.37257200527772	55.69130748173912	47.914794463916756	40.05586604848773	32.130896796758925	24.150265237471444	16.13060000386193	8.10116322854432	8.45006291411673e-15
140	139.0	133.1480197479617	127.0541565814712	120.74307254101208	114.22928442077466	107.52045927783074	100.62700692565367	93.56290400481866	86.33886257201998	78.96665847652936	71.46058644579428	63.83226705155806	56.0943175711637	48.261893232178245	40.346839850218956	32.36232749671093	24.325852312543432	16.24916256901246	8.149173588255236	0.9999999999999999
141	140.0	134.10516188342967	127.96821440083653	121.61197637483419	115.05067417427922	108.29398220800236	101.35119620386283	94.23563483797874	86.95997360723847	79.53508398445796	71.97423290582348	64.29141043070128	56.49837496945064	48.608404792065265	40.63689265347275	32.596280880825944	24.49917843524625	16.365082317755373	8.21716282775329	8.572527594031464e-15
142	141.0	135.06234798713268	128.88212062261053	122.48096384999359	115.87222391888369	109.06722693893364	102.07542541580513	94.90871897433233	87.58069313389645	80.10338855720019	72.48855625284773	64.75006871705183	56.90189484127934	48.956239556100684	40.92644592829314	32.82832501256507	24.675975097879892	16.48132324273913	8.266324248482862	0.9999999999999999
143	142.0	136.01959211400663	129.79588442170612	123.3499399236734	116.69400987088184	109.84034821947562	102.79939160095161	95.58213092621456	88.20158991253403	80.67112912409459	73.00296109588398	65.20950358925849	57.30481811081121	49.303218676534236	41.21757220773767	33.06088400103182	24.848949058161743	16.599555838437862	8.33268992067359	8.6949922739462e-15
144	143.0	136.97690649393417	130.70953010217073	124.21881437857525	117.51600825288017	110.61357658405856	103.52303425866978	96.25545800416353	88.82295656403815	81.23889647842249	73.51669077034137	65.6690371104981	57.7087430582306	49.649830113883546	41.50708133256167	33.29451075426646	25.02518231083057	16.713752019688936	8.383918095011943	0.9999999999999999
145	144.0	137.9343012420789	131.62309417873047	125.0875232168871	118.33810730520244	111.38706957341189	104.24658448738433	96.92839700513734	89.44437845747302	81.80722103132355	74.0304517084622	66.12776332497128	58.11245709097376	49.997678841619425	41.797219891932684	33.52596849967899	25.199489252340427	16.833559342499385	8.447862275069218	8.817456953860934e-15
146	145.0	138.89178413149645	132.53662121454838	125.95604336269676	119.16015573209822	112.16081265861656	104.9703517351561	97.60111090032206	90.06536754101063	82.37561105155129	74.54486943945598	66.58678607629012	58.515359110202006	50.34454979470126	42.08810027269108	33.759770914236704	25.373961182049616	16.94682113180655	8.50181708163742	0.9999999999999999
147	146.0	139.8493604327735	133.4501588850497	126.82439731289	119.9820266278467	112.93463207431857	105.69444474119585	98.27402621983934	90.68609263139182	82.94346664597651	75.05914996917612	67.04645634471458	58.91911445360973	50.69126895618903	42.37737166949993	33.99203790270733	25.550036051884916	17.06684684267769	8.562831391897552	8.939921633775669e-15
148	147.0	140.80703282358425	134.36375281052685	127.69264683716946	120.8036699128079	113.70830905478188	106.41867815681815	98.9473225609962	91.30711380568869	83.51117127607341	75.57281029186764	67.50552243785562	59.32298784660601	51.039111664852804	42.66807539006335	34.22440916735109	25.723162229566782	17.180625977232207	8.619857962423007	0.9999999999999999
149	148.0	141.76480136915274	135.27744171385626	128.5608774514144	121.62513165546757	114.48172046188516	107.14274474020027	99.62072493492012	91.92853795007557	84.07937532723982	76.08670707406881	67.96424864717198	59.72593252458005	51.38588802444591	42.9584368527147	34.458124175829795	25.89985520712495	17.299479848185637	8.677765277008996	9.062386313690404e-15
150	149.0	142.72266357271857	136.19125341376207	129.42917754878667	122.44653290034745	115.25491548894539	107.86649333510789	100.29383864849733	92.54986829322033	84.64780951925663	76.60117358013805	68.42373286294402	60.12950116613713	51.73271956664959	43.247855636642505	34.689640088389176	26.07323040534762	17.4149569768397	8.737870391127135	0.9999999999999999
